Title: New Strong Line Abundance Diagnostics for H II Regions: Effects 
       of {kappa}-Distributed Electron Energies and New Atomic Data 
Authors: Dopita M.A., Sutherland R.S., Nicholls D.C., Kewley L.J., 
         Vogt F.P.A. 
Table: The `red' line fluxes given by the MAPPINGS 4 models
================================================================================
Byte-by-byte Description of file: apjs481187t5_mrt.txt
--------------------------------------------------------------------------------
   Bytes Format Units Label     Explanations
--------------------------------------------------------------------------------
   1-  4 F4.2   [-]   Z         Model metallicity
   6-  8 A3     ---   kappa     Model {kappa} value
  10- 13 F4.2   [-]   logq      Model ionization parameter
  15- 20 F6.4   ---   He1-5875  The He I 5875 A line flux (1)
  22- 27 F6.4   ---   O1-6300   The [O I] 6300 A line flux (1)
  29- 34 F6.4   ---   S3-6313   The [S III] 6312 A line flux (1)
  36- 41 F6.4   ---   N2-6548   The [N II] 6548 A line flux (1)
  43- 48 F6.4   ---   Ha        The H{alpha} line flux (1)
  50- 55 F6.4   ---   N2-6584   The [N II] 6584 A line flux (1)
  57- 62 F6.4   ---   He1-6678  The He I 6678 A line flux (1)
  64- 69 F6.4   ---   S2-6717   The [S II] 6717 A line flux (1)
  71- 76 F6.4   ---   S2-6731   The [S II] 6731 A line flux (1)
  78- 83 F6.4   ---   Ar3-7136  The [Ar III] 7136 A line flux (1)
  85- 90 F6.4   ---   O2-7318   The [O II] 7318 A line flux (1)
  92- 97 F6.4   ---   Ar3-7751  The [Ar III] 7751 A line flux (1)
  99-104 F6.4   ---   S3-9068   The [S III] 9068 A line flux (1)
 106-111 F6.4   ---   S3-9532   The [S III] 9532 A line flux (1)
--------------------------------------------------------------------------------
Note (1): Relative to F_H{beta}_ = 1.0.
--------------------------------------------------------------------------------
5.0  inf 8.50 0.3218 0.0012 0.0001 0.0565 3.3420 0.1661 0.0880 0.0267 0.0188 0.0052 0.0000 0.0013 0.0559 0.1403 
5.0  inf 8.25 0.3130 0.0010 0.0001 0.0472 3.3210 0.1387 0.0863 0.0259 0.0182 0.0044 0.0000 0.0011 0.0488 0.1227 
5.0  inf 8.00 0.3037 0.0010 0.0000 0.0429 3.2950 0.1263 0.0844 0.0277 0.0194 0.0042 0.0000 0.0010 0.0457 0.1147 
5.0  inf 7.75 0.2942 0.0011 0.0000 0.0422 3.2730 0.1243 0.0823 0.0322 0.0226 0.0045 0.0000 0.0011 0.0447 0.1122 
5.0  inf 7.50 0.2865 0.0012 0.0000 0.0416 3.2580 0.1223 0.0804 0.0375 0.0263 0.0047 0.0000 0.0011 0.0422 0.1059 
5.0  inf 7.25 0.2758 0.0011 0.0000 0.0355 3.2660 0.1044 0.0775 0.0378 0.0266 0.0040 0.0000 0.0010 0.0339 0.0851 
5.0  inf 7.00 0.2620 0.0008 0.0000 0.0235 3.3000 0.0692 0.0733 0.0298 0.0210 0.0026 0.0000 0.0006 0.0209 0.0525 
5.0  inf 6.75 0.2449 0.0005 0.0000 0.0124 3.3670 0.0365 0.0678 0.0187 0.0132 0.0012 0.0000 0.0003 0.0099 0.0248 
5.0  inf 6.50 0.2206 0.0002 0.0000 0.0035 3.4790 0.0103 0.0597 0.0065 0.0046 0.0002 0.0000 0.0001 0.0025 0.0063 
5.0  50  8.50 0.3138 0.0015 0.0002 0.0683 3.3460 0.2009 0.0860 0.0318 0.0224 0.0066 0.0001 0.0016 0.0620 0.1558 
5.0  50  8.25 0.3048 0.0013 0.0001 0.0592 3.3250 0.1741 0.0842 0.0318 0.0223 0.0057 0.0001 0.0014 0.0555 0.1394 
5.0  50  8.00 0.2954 0.0013 0.0001 0.0560 3.3010 0.1647 0.0822 0.0351 0.0246 0.0057 0.0000 0.0014 0.0530 0.1332 
5.0  50  7.75 0.2861 0.0015 0.0001 0.0570 3.2790 0.1677 0.0801 0.0420 0.0295 0.0062 0.0000 0.0015 0.0526 0.1322 
5.0  50  7.50 0.2786 0.0017 0.0001 0.0579 3.2640 0.1704 0.0783 0.0502 0.0353 0.0065 0.0000 0.0016 0.0501 0.1259 
5.0  50  7.25 0.2681 0.0017 0.0000 0.0516 3.2730 0.1518 0.0753 0.0529 0.0372 0.0056 0.0000 0.0014 0.0407 0.1023 
5.0  50  7.00 0.2552 0.0014 0.0000 0.0368 3.3060 0.1083 0.0715 0.0449 0.0317 0.0037 0.0000 0.0009 0.0260 0.0654 
5.0  50  6.75 0.2388 0.0009 0.0000 0.0208 3.3730 0.0613 0.0662 0.0303 0.0215 0.0017 0.0000 0.0004 0.0128 0.0321 
5.0  50  6.50 0.2167 0.0004 0.0000 0.0070 3.4820 0.0207 0.0588 0.0125 0.0089 0.0004 0.0000 0.0001 0.0037 0.0092 
5.0  20  8.50 0.3019 0.0019 0.0004 0.0862 3.3520 0.2536 0.0830 0.0394 0.0278 0.0091 0.0005 0.0022 0.0716 0.1798 
5.0  20  8.25 0.2927 0.0018 0.0003 0.0782 3.3330 0.2299 0.0811 0.0408 0.0288 0.0081 0.0004 0.0020 0.0654 0.1643 
5.0  20  8.00 0.2832 0.0018 0.0003 0.0777 3.3090 0.2287 0.0790 0.0471 0.0331 0.0084 0.0003 0.0020 0.0643 0.1615 
5.0  20  7.75 0.2739 0.0021 0.0002 0.0821 3.2890 0.2415 0.0768 0.0581 0.0408 0.0091 0.0003 0.0022 0.0645 0.1621 
5.0  20  7.50 0.2665 0.0025 0.0002 0.0864 3.2750 0.2542 0.0750 0.0717 0.0504 0.0096 0.0002 0.0023 0.0619 0.1554 
5.0  20  7.25 0.2577 0.0028 0.0001 0.0841 3.2800 0.2474 0.0725 0.0819 0.0577 0.0089 0.0002 0.0021 0.0531 0.1333 
5.0  20  7.00 0.2454 0.0025 0.0001 0.0643 3.3150 0.1891 0.0688 0.0749 0.0530 0.0060 0.0001 0.0014 0.0349 0.0878 
5.0  20  6.75 0.2296 0.0018 0.0000 0.0381 3.3820 0.1121 0.0637 0.0533 0.0379 0.0028 0.0000 0.0028 0.0173 0.0435 
5.0  20  6.50 0.2094 0.0010 0.0000 0.0151 3.4900 0.0445 0.0569 0.0255 0.0183 0.0008 0.0000 0.0002 0.0056 0.0140 
5.0  10  8.50 0.2812 0.0026 0.0011 0.1130 3.3670 0.3324 0.0777 0.0511 0.0364 0.0136 0.0028 0.0033 0.0850 0.2136 
5.0  10  8.25 0.2722 0.0025 0.0009 0.1096 3.3500 0.3225 0.0757 0.0558 0.0396 0.0128 0.0023 0.0031 0.0808 0.2030 
5.0  10  8.00 0.2626 0.0027 0.0009 0.1158 3.3270 0.3406 0.0735 0.0677 0.0479 0.0136 0.0021 0.0033 0.0816 0.2051 
5.0  10  7.75 0.2536 0.0032 0.0008 0.1274 3.3090 0.3749 0.0713 0.0862 0.0610 0.0148 0.0020 0.0036 0.0825 0.2073 
5.0  10  7.50 0.2466 0.0040 0.0008 0.1387 3.2980 0.4079 0.0695 0.1097 0.0776 0.0152 0.0020 0.0037 0.0790 0.1984 
5.0  10  7.25 0.2388 0.0049 0.0006 0.1396 3.3060 0.4107 0.0673 0.1303 0.0922 0.0139 0.0018 0.0033 0.0677 0.1702 
5.0  10  7.00 0.2279 0.0050 0.0004 0.1155 3.3390 0.3399 0.0640 0.1296 0.0921 0.0096 0.0011 0.0023 0.0464 0.1165 
5.0  10  6.75 0.2139 0.0042 0.0002 0.0767 3.4030 0.2257 0.0595 0.1031 0.0739 0.0049 0.0003 0.0012 0.0247 0.0620 
5.0  10  6.50 0.1967 0.0027 0.0001 0.0368 3.5050 0.1084 0.0537 0.0586 0.0427 0.0016 0.0000 0.0004 0.0091 0.0228 
3.0  inf 8.50 0.2399 0.0113 0.0033 0.1468 3.1290 0.4318 0.0680 0.0999 0.0694 0.0682 0.0040 0.0164 0.2564 0.6441 
3.0  inf 8.25 0.2358 0.0124 0.0034 0.1674 3.1080 0.4925 0.0670 0.1198 0.0829 0.0725 0.0040 0.0175 0.2794 0.7017 
3.0  inf 8.00 0.2308 0.0147 0.0035 0.2002 3.0850 0.5891 0.0657 0.1553 0.1073 0.0799 0.0041 0.0193 0.3131 0.7865 
3.0  inf 7.75 0.2252 0.0183 0.0036 0.2449 3.0620 0.7206 0.0642 0.2128 0.1470 0.0883 0.0041 0.0213 0.3480 0.8742 
3.0  inf 7.50 0.2192 0.0232 0.0036 0.2950 3.0450 0.8679 0.0626 0.2975 0.2054 0.0935 0.0040 0.0226 0.3680 0.9244 
3.0  inf 7.25 0.2126 0.0289 0.0033 0.3347 3.0350 0.9847 0.0607 0.4052 0.2797 0.0910 0.0035 0.0220 0.3572 0.8974 
3.0  inf 7.00 0.2050 0.0348 0.0026 0.3458 3.0350 1.0180 0.0586 0.5182 0.3577 0.0788 0.0029 0.0190 0.3115 0.7824 
3.0  inf 6.75 0.1961 0.0402 0.0019 0.3246 3.0410 0.9551 0.0560 0.6114 0.4222 0.0601 0.0022 0.0145 0.2439 0.6127 
3.0  inf 6.50 0.1856 0.0447 0.0012 0.2809 3.0530 0.8264 0.0530 0.6606 0.4563 0.0398 0.0015 0.0096 0.1731 0.4349 
3.0  50  8.50 0.2336 0.0113 0.0040 0.1469 3.1340 0.4321 0.0663 0.1009 0.0701 0.0699 0.0061 0.0169 0.2572 0.6461 
3.0  50  8.25 0.2297 0.0124 0.0041 0.1680 3.1150 0.4944 0.0653 0.1212 0.0840 0.0743 0.0063 0.0179 0.2796 0.7023 
3.0  50  8.00 0.2249 0.0147 0.0043 0.2018 3.0920 0.5938 0.0641 0.1575 0.1091 0.0817 0.0066 0.0197 0.3118 0.7832 
3.0  50  7.75 0.2194 0.0184 0.0045 0.2478 3.0700 0.7291 0.0626 0.2163 0.1496 0.0898 0.0069 0.0217 0.3442 0.8645 
3.0  50  7.50 0.2136 0.0235 0.0046 0.2994 3.0540 0.8809 0.0610 0.3028 0.2093 0.0945 0.0070 0.0228 0.3612 0.9072 
3.0  50  7.25 0.2072 0.0298 0.0042 0.3404 3.0450 1.0010 0.0592 0.4136 0.2859 0.0912 0.0067 0.0220 0.3481 0.8744 
3.0  50  7.00 0.1997 0.0363 0.0035 0.3531 3.0440 1.0390 0.0571 0.5313 0.3672 0.0789 0.0059 0.0190 0.3025 0.7599 
3.0  50  6.75 0.1910 0.0428 0.0025 0.3334 3.0500 0.9809 0.0546 0.6311 0.4363 0.0601 0.0047 0.0145 0.2366 0.5944 
3.0  50  6.50 0.1808 0.0483 0.0016 0.2906 3.0630 0.8550 0.0516 0.6873 0.4753 0.0397 0.0034 0.0096 0.1678 0.4216 
3.0  20  8.50 0.2242 0.0107 0.0051 0.1435 3.1450 0.4224 0.0637 0.1000 0.0697 0.0715 0.0100 0.0173 0.2547 0.6398
3.0  20  8.25 0.2206 0.0118 0.0052 0.1651 3.1270 0.4859 0.0627 0.1207 0.0838 0.0759 0.0105 0.0183 0.2757 0.6925
3.0  20  8.00 0.2160 0.0141 0.0056 0.1993 3.1060 0.5865 0.0616 0.1572 0.1090 0.0830 0.0114 0.0200 0.3049 0.7660
3.0  20  7.75 0.2109 0.0178 0.0060 0.2463 3.0860 0.7248 0.0602 0.2167 0.1502 0.0904 0.0126 0.0218 0.3331 0.8367
3.0  20  7.50 0.2053 0.0232 0.0061 0.2984 3.0700 0.8781 0.0586 0.3040 0.2106 0.0939 0.0135 0.0227 0.3451 0.8669
3.0  20  7.25 0.1991 0.0299 0.0057 0.3400 3.0620 1.0000 0.0569 0.4164 0.2884 0.0897 0.0136 0.0216 0.3291 0.8266
3.0  20  7.00 0.1920 0.0374 0.0047 0.3541 3.0620 1.0420 0.0549 0.5385 0.3729 0.0770 0.0127 0.0186 0.2839 0.7132
3.0  20  6.75 0.1836 0.0454 0.0035 0.3369 3.0700 0.9913 0.0525 0.6461 0.4475 0.0584 0.0107 0.0141 0.2214 0.5561
3.0  20  6.50 0.1739 0.0528 0.0023 0.2981 3.0830 0.8772 0.0497 0.7140 0.4947 0.0387 0.0082 0.0093 0.1575 0.3957
3.0  10  8.50 0.2090 0.0096 0.0068 0.1322 3.1670 0.3890 0.0594 0.0959 0.0670 0.0715 0.0177 0.0172 0.2423 0.6087 
3.0  10  8.25 0.2057 0.0108 0.0072 0.1542 3.1510 0.4538 0.0585 0.1169 0.0815 0.0756 0.0195 0.0182 0.2608 0.6551 
3.0  10  8.00 0.2016 0.0130 0.0078 0.1887 3.1330 0.5552 0.0574 0.1537 0.1070 0.0818 0.0224 0.0197 0.2849 0.7157 
3.0  10  7.75 0.1969 0.0169 0.0084 0.2359 3.1160 0.6942 0.0562 0.2134 0.1484 0.0877 0.0260 0.0212 0.3059 0.7685 
3.0  10  7.50 0.1918 0.0226 0.0087 0.2890 3.1030 0.8504 0.0548 0.3017 0.2097 0.0897 0.0296 0.0216 0.3121 0.7839 
3.0  10  7.25 0.1861 0.0303 0.0081 0.3326 3.0970 0.9787 0.0531 0.4176 0.2902 0.0847 0.0317 0.0204 0.2943 0.7393 
3.0  10  7.00 0.1795 0.0395 0.0068 0.3494 3.0980 1.0280 0.0513 0.5459 0.3794 0.0721 0.0309 0.0174 0.2521 0.6332 
3.0  10  6.75 0.1715 0.0495 0.0051 0.3366 3.1060 0.9904 0.0490 0.6627 0.4606 0.0546 0.0275 0.0132 0.1961 0.4925 
3.0  10  6.50 0.1622 0.0590 0.0034 0.3016 3.1200 0.8873 0.0463 0.7395 0.5142 0.0359 0.0224 0.0087 0.1391 0.3493 
2.0  inf 8.50 0.1865 0.0283 0.0094 0.1255 3.0100 0.3694 0.0533 0.1419 0.0983 0.1329 0.0145 0.0321 0.3991 1.0030 
2.0  inf 8.25 0.1856 0.0292 0.0096 0.1400 3.0050 0.4118 0.0531 0.1593 0.1102 0.1385 0.0149 0.0334 0.4228 1.0620 
2.0  inf 8.00 0.1842 0.0317 0.0102 0.1656 2.9970 0.4874 0.0527 0.1929 0.1334 0.1479 0.0159 0.0357 0.4571 1.1480 
2.0  inf 7.75 0.1821 0.0366 0.0110 0.2067 2.9870 0.6083 0.0521 0.2538 0.1754 0.1594 0.0174 0.0385 0.4954 1.2440 
2.0  inf 7.50 0.1794 0.0446 0.0117 0.2629 2.9780 0.7735 0.0513 0.3544 0.2447 0.1689 0.0191 0.0408 0.5244 1.3170 
2.0  inf 7.25 0.1762 0.0569 0.0119 0.3248 2.9710 0.9555 0.0504 0.5043 0.3481 0.1706 0.0207 0.0412 0.5274 1.3250 
2.0  inf 7.00 0.1724 0.0745 0.0111 0.3736 2.9680 1.0990 0.0494 0.7042 0.4859 0.1600 0.0214 0.0386 0.4933 1.2390 
2.0  inf 6.75 0.1677 0.0975 0.0094 0.3927 2.9700 1.1550 0.0480 0.9368 0.6462 0.1366 0.0203 0.0330 0.4241 1.0650 
2.0  inf 6.50 0.1616 0.1249 0.0070 0.3807 2.9750 1.1200 0.0463 1.1680 0.8055 0.1043 0.0175 0.0252 0.3351 0.8417 
2.0  50  8.50 0.1820 0.0255 0.0103 0.1194 3.0190 0.3513 0.0520 0.1352 0.0938 0.1301 0.0175 0.0314 0.3865 0.9708 
2.0  50  8.25 0.1812 0.0266 0.0106 0.1337 3.0140 0.3934 0.0518 0.1526 0.1057 0.1356 0.0184 0.0327 0.4092 1.0280 
2.0  50  8.00 0.1797 0.0292 0.0113 0.1589 3.0060 0.4674 0.0514 0.1859 0.1286 0.1443 0.0200 0.0348 0.4411 1.1080 
2.0  50  7.75 0.1777 0.0340 0.0122 0.1991 2.9970 0.5857 0.0508 0.2457 0.1699 0.1548 0.0225 0.0373 0.4760 1.1960 
2.0  50  7.50 0.1752 0.0423 0.0130 0.2541 2.9880 0.7476 0.0501 0.3448 0.2383 0.1632 0.0256 0.0394 0.5014 1.2600 
2.0  50  7.25 0.1721 0.0548 0.0132 0.3141 2.9810 0.9241 0.0493 0.4919 0.3399 0.1639 0.0285 0.0396 0.5015 1.2600 
2.0  50  7.00 0.1684 0.0727 0.0123 0.3607 2.9790 1.0610 0.0482 0.6873 0.4748 0.1529 0.0299 0.0369 0.4662 1.1710 
2.0  50  6.75 0.1639 0.0963 0.0103 0.3786 2.9810 1.1140 0.0469 0.9156 0.6323 0.1299 0.0288 0.0313 0.3989 1.0020 
2.0  50  6.50 0.1579 0.1247 0.0077 0.3674 2.9860 1.0810 0.0452 1.1440 0.7897 0.0988 0.0252 0.0238 0.3141 0.7890 
2.0  20  8.50 0.1754 0.0202 0.0113 0.1073 3.0370 0.3158 0.0501 0.1215 0.0843 0.1238 0.0213 0.0299 0.3623 0.9101 
2.0  20  8.25 0.1747 0.0212 0.0117 0.1208 3.0320 0.3553 0.0499 0.1380 0.0957 0.1286 0.0228 0.0310 0.3829 0.9618 
2.0  20  8.00 0.1733 0.0236 0.0125 0.1446 3.0250 0.4256 0.0496 0.1698 0.1177 0.1362 0.0255 0.0329 0.4110 1.0330 
2.0  20  7.75 0.1714 0.0281 0.0134 0.1823 3.0160 0.5363 0.0490 0.2264 0.1568 0.1449 0.0296 0.0350 0.4399 1.1050 
2.0  20  7.50 0.1690 0.0357 0.0142 0.2332 3.0080 0.6862 0.0484 0.3189 0.2207 0.1511 0.0347 0.0365 0.4583 1.1510 
2.0  20  7.25 0.1662 0.0473 0.0142 0.2875 3.0030 0.8457 0.0476 0.4549 0.3148 0.1498 0.0393 0.0362 0.4521 1.1360 
2.0  20  7.00 0.1627 0.0640 0.0130 0.3275 3.0030 0.9636 0.0466 0.6340 0.4386 0.1378 0.0415 0.0333 0.4139 1.0400 
2.0  20  6.75 0.1584 0.0861 0.0106 0.3396 3.0070 0.9992 0.0453 0.8403 0.5812 0.1151 0.0397 0.0278 0.3477 0.8735 
2.0  20  6.50 0.1527 0.1132 0.0078 0.3259 3.0140 0.9590 0.0437 1.0440 0.7222 0.0857 0.0347 0.0207 0.2687 0.6750 
2.0  10  8.50 0.1648 0.0144 0.0123 0.0854 3.0680 0.2514 0.0471 0.1016 0.0707 0.1093 0.0261 0.0264 0.3133 0.7871 
2.0  10  8.25 0.1642 0.0154 0.0128 0.0972 3.0640 0.2860 0.0469 0.1168 0.0812 0.1130 0.0287 0.0273 0.3302 0.8294 
2.0  10  8.00 0.1630 0.0175 0.0136 0.1176 3.0570 0.3461 0.0466 0.1454 0.1010 0.1183 0.0331 0.0286 0.3509 0.8814 
2.0  10  7.75 0.1613 0.0214 0.0144 0.1493 3.0480 0.4394 0.0461 0.1953 0.1356 0.1234 0.0395 0.0298 0.3685 0.9257 
2.0  10  7.50 0.1592 0.0280 0.0147 0.1907 3.0410 0.5610 0.0456 0.2752 0.1910 0.1250 0.0470 0.0302 0.3731 0.9372 
2.0  10  7.25 0.1568 0.0384 0.0142 0.2331 3.0380 0.6860 0.0449 0.3915 0.2717 0.1201 0.0534 0.0290 0.3563 0.8951 
2.0  10  7.00 0.1536 0.0539 0.0125 0.2631 3.0400 0.7740 0.0439 0.5445 0.3778 0.1074 0.0561 0.0259 0.3166 0.7954 
2.0  10  6.75 0.1495 0.0753 0.0100 0.2703 3.0440 0.7952 0.0428 0.7220 0.5009 0.0874 0.0537 0.0211 0.2592 0.6510 
2.0  10  6.50 0.1439 0.1021 0.0073 0.2600 3.0510 0.7650 0.0412 0.9012 0.6250 0.0636 0.0480 0.0153 0.1972 0.4953 
1.0  inf 8.50 0.1356 0.0386 0.0194 0.0704 2.9180 0.2072 0.0388 0.1596 0.1106 0.1642 0.0315 0.0396 0.4139 1.0400 
1.0  inf 8.25 0.1355 0.0395 0.0199 0.0745 2.9180 0.2193 0.0388 0.1684 0.1167 0.1685 0.0325 0.0406 0.4293 1.0780 
1.0  inf 8.00 0.1354 0.0418 0.0209 0.0830 2.9170 0.2443 0.0387 0.1875 0.1298 0.1750 0.0350 0.0422 0.4544 1.1410 
1.0  inf 7.75 0.1351 0.0469 0.0223 0.0994 2.9140 0.2924 0.0387 0.2264 0.1567 0.1831 0.0400 0.0442 0.4852 1.2190 
1.0  inf 7.50 0.1346 0.0570 0.0241 0.1271 2.9090 0.3738 0.0385 0.2979 0.2062 0.1915 0.0485 0.0462 0.5125 1.2870 
1.0  inf 7.25 0.1339 0.0744 0.0254 0.1660 2.9040 0.4883 0.0383 0.4171 0.2886 0.1973 0.0601 0.0476 0.5258 1.3210 
1.0  inf 7.00 0.1331 0.1020 0.0255 0.2081 2.9010 0.6124 0.0381 0.5972 0.4131 0.1957 0.0715 0.0472 0.5136 1.2900 
1.0  inf 6.75 0.1322 0.1425 0.0233 0.2392 2.9010 0.7037 0.0378 0.8431 0.5831 0.1821 0.0773 0.0439 0.4693 1.1790 
1.0  inf 6.50 0.1307 0.1979 0.0193 0.2502 2.9040 0.7362 0.0374 1.1450 0.7917 0.1559 0.0749 0.0376 0.3979 0.9996 
1.0  50  8.50 0.1325 0.0316 0.0195 0.0640 2.9320 0.1883 0.0379 0.1443 0.1000 0.1554 0.0325 0.0375 0.3912 0.9826 
1.0  50  8.25 0.1325 0.0324 0.0200 0.0679 2.9320 0.1997 0.0379 0.1527 0.1058 0.1595 0.0338 0.0385 0.4060 1.0200 
1.0  50  8.00 0.1323 0.0345 0.0210 0.0759 2.9310 0.2234 0.0379 0.1708 0.1183 0.1655 0.0368 0.0399 0.4297 1.0790 
1.0  50  7.75 0.1321 0.0390 0.0225 0.0913 2.9290 0.2687 0.0378 0.2073 0.1436 0.1727 0.0426 0.0417 0.4578 1.1500 
1.0  50  7.50 0.1317 0.0477 0.0240 0.1171 2.9250 0.3446 0.0377 0.2741 0.1898 0.1795 0.0522 0.0433 0.4810 1.2080 
1.0  50  7.25 0.1311 0.0629 0.0250 0.1528 2.9220 0.4495 0.0375 0.3843 0.2660 0.1832 0.0647 0.0442 0.4887 1.2280 
1.0  50  7.00 0.1306 0.0869 0.0244 0.1900 2.9220 0.5590 0.0374 0.5484 0.3795 0.1791 0.0759 0.0432 0.4706 1.1820 
1.0  50  6.75 0.1299 0.1219 0.0216 0.2150 2.9250 0.6324 0.0372 0.7689 0.5320 0.1635 0.0797 0.0395 0.4218 1.0600 
1.0  50  6.50 0.1287 0.1696 0.0172 0.2203 2.9320 0.6481 0.0368 1.0330 0.7146 0.1366 0.0744 0.0330 0.3492 0.8771 
1.0  20  8.50 0.1281 0.0222 0.0190 0.0539 2.9590 0.1585 0.0367 0.1205 0.0836 0.1404 0.0326 0.0339 0.3528 0.8861 
1.0  20  8.25 0.1281 0.0229 0.0196 0.0574 2.9590 0.1689 0.0366 0.1282 0.0889 0.1440 0.0343 0.0347 0.3664 0.9205 
1.0  20  8.00 0.1280 0.0245 0.0206 0.0646 2.9600 0.1901 0.0366 0.1445 0.1001 0.1491 0.0378 0.0360 0.3874 0.9731 
1.0  20  7.75 0.1278 0.0279 0.0218 0.0782 2.9590 0.2300 0.0366 0.1769 0.1226 0.1543 0.0443 0.0372 0.4103 1.0310 
1.0  20  7.50 0.1276 0.0346 0.0228 0.1004 2.9600 0.2954 0.0365 0.2351 0.1629 0.1581 0.0545 0.0381 0.4251 1.0680 
1.0  20  7.25 0.1274 0.0462 0.0228 0.1298 2.9630 0.3820 0.0365 0.3289 0.2278 0.1574 0.0665 0.0380 0.4218 1.0600 
1.0  20  7.00 0.1273 0.0641 0.0211 0.1578 2.9690 0.4642 0.0364 0.4643 0.3216 0.1487 0.0745 0.0359 0.3925 0.9859 
1.0  20  6.75 0.1271 0.0897 0.0174 0.1718 2.9810 0.5056 0.0364 0.6382 0.4419 0.1299 0.0731 0.0314 0.3363 0.8448 
1.0  20  6.50 0.1264 0.1233 0.0128 0.1679 2.9950 0.4941 0.0362 0.8336 0.5769 0.1027 0.0631 0.0248 0.2637 0.6625 
1.0  10  8.50 0.1212 0.0139 0.0172 0.0385 3.0110 0.1134 0.0347 0.0904 0.0628 0.1132 0.0307 0.0273 0.2837 0.7125 
1.0  10  8.25 0.1213 0.0144 0.0177 0.0414 3.0120 0.1217 0.0347 0.0969 0.0673 0.1160 0.0327 0.0280 0.2948 0.7406 
1.0  10  8.00 0.1214 0.0156 0.0185 0.0470 3.0150 0.1384 0.0348 0.1107 0.0768 0.1190 0.0367 0.0287 0.3101 0.7790 
1.0  10  7.75 0.1216 0.0182 0.0191 0.0574 3.0190 0.1690 0.0348 0.1373 0.0953 0.1206 0.0434 0.0291 0.3226 0.8103 
1.0  10  7.50 0.1220 0.0232 0.0188 0.0736 3.0260 0.2165 0.0349 0.1837 0.1275 0.1187 0.0525 0.0286 0.3220 0.8089 
1.0  10  7.25 0.1226 0.0317 0.0172 0.0928 3.0340 0.2729 0.0351 0.2551 0.1770 0.1115 0.0604 0.0000 0.3013 0.7568 
1.0  10  7.00 0.1233 0.0448 0.0141 0.1066 3.0400 0.3137 0.0353 0.3525 0.2445 0.0974 0.0611 0.0235 0.2589 0.6504 
1.0  10  6.75 0.1237 0.0630 0.0102 0.1075 3.0410 0.3163 0.0354 0.4688 0.3251 0.0775 0.0531 0.0187 0.2021 0.5077 
1.0  10  6.50 0.1231 0.0869 0.0066 0.0980 3.0430 0.2884 0.0352 0.5915 0.4099 0.0552 0.0415 0.0133 0.1445 0.3631 
0.5  inf 8.50 0.1156 0.0338 0.0253 0.0333 2.8630 0.0980 0.0330 0.1363 0.0946 0.1407 0.0430 0.0339 0.3269 0.8212 
0.5  inf 8.25 0.1156 0.0343 0.0258 0.0342 2.8640 0.1008 0.0330 0.1398 0.0969 0.1431 0.0441 0.0345 0.3338 0.8384 
0.5  inf 8.00 0.1156 0.0355 0.0268 0.0364 2.8640 0.1071 0.0330 0.1479 0.1026 0.1475 0.0466 0.0356 0.3476 0.8731 
0.5  inf 7.75 0.1156 0.0384 0.0284 0.0410 2.8640 0.1206 0.0330 0.1661 0.1152 0.1533 0.0521 0.0370 0.3690 0.9269 
0.5  inf 7.50 0.1157 0.0447 0.0301 0.0498 2.8650 0.1466 0.0331 0.2029 0.1407 0.1583 0.0623 0.0382 0.3911 0.9824 
0.5  inf 7.25 0.1159 0.0568 0.0310 0.0642 2.8670 0.1889 0.0331 0.2694 0.1868 0.1602 0.0779 0.0386 0.4012 1.0080 
0.5  inf 7.00 0.1163 0.0777 0.0301 0.0825 2.8710 0.2428 0.0332 0.3765 0.2611 0.1569 0.0947 0.0379 0.3908 0.9818 
0.5  inf 6.75 0.1170 0.1107 0.0268 0.0984 2.8770 0.2895 0.0335 0.5325 0.3691 0.1462 0.1034 0.0353 0.3566 0.8957 
0.5  inf 6.50 0.1178 0.1582 0.0216 0.1051 2.8840 0.3093 0.0337 0.7372 0.5107 0.1272 0.0982 0.0307 0.3021 0.7590 
1.0  50  8.50 0.1131 0.0267 0.0237 0.0293 2.8820 0.0863 0.0323 0.1198 0.0831 0.1298 0.0402 0.0313 0.3020 0.7585 
1.0  50  8.25 0.1131 0.0271 0.0242 0.0302 2.8830 0.0889 0.0323 0.1230 0.0853 0.1321 0.0413 0.0319 0.3084 0.7748 
1.0  50  8.00 0.1132 0.0282 0.0252 0.0322 2.8840 0.0946 0.0323 0.1305 0.0905 0.1361 0.0438 0.0328 0.3213 0.8070 
1.0  50  7.75 0.1133 0.0306 0.0266 0.0363 2.8850 0.1069 0.0324 0.1471 0.1020 0.1409 0.0491 0.0340 0.3404 0.8552 
1.0  50  7.50 0.1135 0.0358 0.0278 0.0443 2.8880 0.1303 0.0324 0.1806 0.1252 0.1442 0.0588 0.0348 0.3582 0.8999 
1.0  50  7.25 0.1140 0.0457 0.0279 0.0570 2.8930 0.1676 0.0326 0.2404 0.1667 0.1437 0.0727 0.0347 0.3621 0.9096 
1.0  50  7.00 0.1147 0.0629 0.0260 0.0724 2.9030 0.2130 0.0328 0.3352 0.2324 0.1375 0.0858 0.0332 0.3447 0.8658 
1.0  50  6.75 0.1159 0.0894 0.0220 0.0843 2.9150 0.2479 0.0331 0.4700 0.3256 0.1244 0.0891 0.0300 0.3051 0.7664 
1.0  50  6.50 0.1170 0.1268 0.0168 0.0872 2.9300 0.2566 0.0335 0.6408 0.4437 0.1045 0.0798 0.0252 0.2497 0.6273 
1.0  20  8.50 0.1098 0.0179 0.0209 0.0236 2.9250 0.0694 0.0314 0.0958 0.0665 0.1125 0.0352 0.0271 0.2622 0.6586 
1.0  20  8.25 0.1098 0.0182 0.0214 0.0243 2.9260 0.0716 0.0314 0.0986 0.0684 0.1144 0.0363 0.0276 0.2680 0.6731 
1.0  20  8.00 0.1099 0.0190 0.0222 0.0260 2.9280 0.0765 0.0314 0.1050 0.0729 0.1177 0.0387 0.0284 0.2791 0.7010 
1.0  20  7.75 0.1102 0.0207 0.0233 0.0295 2.9330 0.0868 0.0315 0.1194 0.0828 0.1210 0.0436 0.0292 0.2944 0.7396 
1.0  20  7.50 0.1107 0.0245 0.0237 0.0361 2.9410 0.1063 0.0317 0.1479 0.1026 0.1216 0.0520 0.0294 0.3053 0.7668 
1.0  20  7.25 0.1116 0.0317 0.0226 0.0462 2.9550 0.1360 0.0319 0.1976 0.1370 0.1175 0.0627 0.0284 0.2996 0.7527 
1.0  20  7.00 0.1129 0.0438 0.0197 0.0573 2.9730 0.1686 0.0323 0.2737 0.1897 0.1078 0.0698 0.0260 0.2730 0.6858 
1.0  20  6.75 0.1146 0.0618 0.0153 0.0637 2.9950 0.1874 0.0328 0.3762 0.2607 0.0925 0.0666 0.0223 0.2289 0.5750 
1.0  20  6.50 0.1163 0.0859 0.0106 0.0622 3.0160 0.1830 0.0333 0.4969 0.3440 0.0731 0.0544 0.0176 0.1761 0.4424 
1.0  10  8.50 0.1046 0.0104 0.0161 0.0156 3.0010 0.0458 0.0299 0.0666 0.0462 0.0843 0.0272 0.0203 0.1972 0.4954 
1.0  10  8.25 0.1047 0.0106 0.0164 0.0161 3.0040 0.0475 0.0299 0.0688 0.0478 0.0857 0.0282 0.0207 0.2017 0.5067 
1.0  10  8.00 0.1049 0.0111 0.0170 0.0174 3.0090 0.0511 0.0300 0.0740 0.0514 0.0877 0.0302 0.0212 0.2097 0.5268 
1.0  10  7.75 0.1054 0.0124 0.0174 0.0199 3.0190 0.0587 0.0302 0.0855 0.0593 0.0883 0.0342 0.0213 0.2184 0.5486 
1.0  10  7.50 0.1065 0.0151 0.0167 0.0246 3.0340 0.0723 0.0305 0.1078 0.0748 0.0851 0.0401 0.0205 0.2180 0.5476 
1.0  10  7.25 0.1083 0.0201 0.0144 0.0310 3.0550 0.0911 0.0310 0.1450 0.1006 0.0769 0.0456 0.0186 0.2001 0.5027 
1.0  10  7.00 0.1107 0.0285 0.0109 0.0363 3.0740 0.1067 0.0317 0.1985 0.1377 0.0648 0.0453 0.0156 0.1668 0.4191 
1.0  10  6.75 0.1135 0.0405 0.0074 0.0368 3.0830 0.1084 0.0325 0.2650 0.1838 0.0505 0.0377 0.0122 0.1264 0.3176 
1.0  10  6.50 0.1157 0.0562 0.0045 0.0331 3.0730 0.0973 0.0331 0.3373 0.2337 0.0359 0.0276 0.0087 0.0882 0.2215 
0.3  inf 8.50 0.1063 0.0274 0.0246 0.0185 2.8550 0.0543 0.0303 0.1082 0.0751 0.1097 0.0435 0.0265 0.2466 0.6195 
0.3  inf 8.25 0.1063 0.0277 0.0249 0.0187 2.8550 0.0552 0.0303 0.1097 0.0762 0.1108 0.0442 0.0267 0.2496 0.6270 
0.3  inf 8.00 0.1063 0.0283 0.0255 0.0195 2.8560 0.0573 0.0303 0.1135 0.0788 0.1133 0.0459 0.0273 0.2564 0.6440 
0.3  inf 7.75 0.1064 0.0299 0.0267 0.0211 2.8580 0.0621 0.0304 0.1225 0.0851 0.1169 0.0498 0.0282 0.2687 0.6750 
0.3  inf 7.50 0.1067 0.0335 0.0279 0.0245 2.8610 0.0721 0.0305 0.1423 0.0988 0.1197 0.0573 0.0289 0.2835 0.7122 
0.3  inf 7.25 0.1073 0.0410 0.0280 0.0306 2.8670 0.0900 0.0307 0.1808 0.1255 0.1193 0.0695 0.0288 0.2901 0.7287 
0.3  inf 7.00 0.1084 0.0551 0.0260 0.0391 2.8750 0.1151 0.0310 0.2464 0.1710 0.1142 0.0828 0.0275 0.2792 0.7012 
0.3  inf 6.75 0.1099 0.0783 0.0221 0.0471 2.8850 0.1386 0.0314 0.3455 0.2397 0.1043 0.0883 0.0252 0.2504 0.6290 
0.3  inf 6.50 0.1116 0.1126 0.0171 0.0506 2.8950 0.1489 0.0319 0.4794 0.3324 0.0899 0.0813 0.0217 0.2092 0.5254 
0.3  50  8.50 0.1043 0.0212 0.0219 0.0159 2.8820 0.0467 0.0298 0.0929 0.0645 0.0988 0.0380 0.0238 0.2226 0.5591 
0.3  50  8.25 0.1043 0.0214 0.0221 0.0161 2.8820 0.0474 0.0298 0.0943 0.0654 0.0998 0.0386 0.0241 0.2253 0.5660 
0.3  50  8.00 0.1044 0.0219 0.0227 0.0168 2.8830 0.0493 0.0298 0.0978 0.0679 0.1020 0.0402 0.0246 0.2315 0.5814 
0.3  50  7.75 0.1046 0.0232 0.0237 0.0182 2.8860 0.0536 0.0299 0.1059 0.0735 0.1049 0.0436 0.0253 0.2424 0.6090 
0.3  50  7.50 0.1050 0.0262 0.0245 0.0213 2.8920 0.0625 0.0300 0.1239 0.0860 0.1066 0.0503 0.0257 0.2543 0.6389 
0.3  50  7.25 0.1059 0.0324 0.0239 0.0266 2.9020 0.0783 0.0302 0.1586 0.1100 0.1045 0.0604 0.0252 0.2563 0.6439 
0.3  50  7.00 0.1072 0.0438 0.0213 0.0338 2.9140 0.0993 0.0306 0.2166 0.1502 0.0977 0.0699 0.0236 0.2407 0.6047 
0.3  50  6.75 0.1091 0.0622 0.0173 0.0397 2.9290 0.1167 0.0312 0.3017 0.2092 0.0867 0.0710 0.0209 0.2095 0.5261 
0.3  50  6.50 0.1113 0.0887 0.0127 0.0412 2.9430 0.1213 0.0318 0.4127 0.2859 0.0723 0.0618 0.0174 0.1691 0.4248 
0.3  20  8.50 0.1016 0.0138 0.0180 0.0123 2.9310 0.0362 0.0290 0.0719 0.0499 0.0827 0.0305 0.0200 0.1872 0.4701 
0.3  20  8.25 0.1016 0.0139 0.0182 0.0125 2.9320 0.0369 0.0290 0.0731 0.0507 0.0836 0.0311 0.0202 0.1895 0.4761 
0.3  20  8.00 0.1017 0.0143 0.0187 0.0131 2.9350 0.0384 0.0291 0.0760 0.0527 0.0854 0.0324 0.0206 0.1948 0.4894 
0.3  20  7.75 0.1020 0.0152 0.0194 0.0143 2.9400 0.0420 0.0291 0.0830 0.0576 0.0873 0.0353 0.0211 0.2036 0.5115 
0.3  20  7.50 0.1027 0.0173 0.0196 0.0168 2.9510 0.0495 0.0293 0.0984 0.0683 0.0873 0.0406 0.0211 0.2111 0.5303 
0.3  20  7.25 0.1040 0.0218 0.0182 0.0211 2.9670 0.0621 0.0297 0.1274 0.0884 0.0830 0.0479 0.0200 0.2067 0.5192 
0.3  20  7.00 0.1059 0.0299 0.0152 0.0263 2.9890 0.0773 0.0303 0.1741 0.1207 0.0745 0.0526 0.0180 0.1858 0.4668 
0.3  20  6.75 0.1085 0.0422 0.0113 0.0295 3.0130 0.0867 0.0310 0.2388 0.1655 0.0629 0.0493 0.0152 0.1534 0.3852 
0.3  20  6.50 0.1113 0.0589 0.0076 0.0289 3.0350 0.0849 0.0318 0.3168 0.2194 0.0495 0.0393 0.0119 0.1166 0.2930 
0.3  10  8.50 0.0972 0.0077 0.0127 0.0078 3.0160 0.0229 0.0278 0.0479 0.0333 0.0594 0.0211 0.0143 0.1353 0.3399 
0.3  10  8.25 0.0973 0.0078 0.0128 0.0079 3.0180 0.0233 0.0278 0.0488 0.0339 0.0601 0.0216 0.0145 0.1372 0.3445 
0.3  10  8.00 0.0975 0.0080 0.0131 0.0083 3.0230 0.0245 0.0279 0.0512 0.0355 0.0612 0.0226 0.0148 0.1411 0.3543 
0.3  10  7.75 0.0981 0.0087 0.0134 0.0092 3.0340 0.0271 0.0281 0.0569 0.0395 0.0616 0.0247 0.0149 0.1464 0.3678 
0.3  10  7.50 0.0994 0.0102 0.0128 0.0110 3.0510 0.0325 0.0284 0.0693 0.0481 0.0591 0.0283 0.0143 0.1469 0.3691 
0.3  10  7.25 0.1015 0.0135 0.0107 0.0138 3.0740 0.0406 0.0290 0.0915 0.0635 0.0526 0.0317 0.0127 0.1344 0.3376 
0.3  10  7.00 0.1046 0.0190 0.0078 0.0163 3.0940 0.0480 0.0299 0.1246 0.0865 0.0434 0.0313 0.0105 0.1103 0.2770 
0.3  10  6.75 0.1083 0.0272 0.0051 0.0167 3.1030 0.0490 0.0310 0.1667 0.1156 0.0333 0.0255 0.0080 0.0822 0.2065 
0.3  10  6.50 0.1118 0.0379 0.0030 0.0149 3.0930 0.0439 0.0320 0.2133 0.1478 0.0237 0.0183 0.0057 0.0567 0.1425 
0.2  inf 8.50 0.1022 0.0225 0.0205 0.0108 2.8650 0.0317 0.0292 0.0847 0.0588 0.0823 0.0361 0.0199 0.1806 0.4537 
0.2  inf 8.25 0.1022 0.0227 0.0207 0.0109 2.8660 0.0320 0.0292 0.0854 0.0593 0.0829 0.0365 0.0200 0.1822 0.4576 
0.2  inf 8.00 0.1023 0.0231 0.0211 0.0112 2.8670 0.0329 0.0292 0.0875 0.0608 0.0843 0.0375 0.0204 0.1859 0.4671 
0.2  inf 7.75 0.1024 0.0240 0.0219 0.0119 2.8690 0.0349 0.0292 0.0925 0.0643 0.0867 0.0399 0.0209 0.1935 0.4861 
0.2  inf 7.50 0.1029 0.0263 0.0228 0.0134 2.8730 0.0395 0.0294 0.1043 0.0724 0.0889 0.0448 0.0214 0.2042 0.5129 
0.2  inf 7.25 0.1037 0.0314 0.0227 0.0164 2.8790 0.0483 0.0296 0.1287 0.0894 0.0882 0.0533 0.0213 0.2100 0.5275 
0.2  inf 7.00 0.1052 0.0415 0.0207 0.0210 2.8880 0.0618 0.0300 0.1725 0.1197 0.0836 0.0633 0.0202 0.2018 0.5070 
0.2  inf 6.75 0.1072 0.0585 0.0171 0.0257 2.8980 0.0755 0.0306 0.2402 0.1667 0.0757 0.0678 0.0183 0.1798 0.4517 
0.2  inf 6.50 0.1096 0.0840 0.0130 0.0279 2.9070 0.0822 0.0313 0.3332 0.2311 0.0651 0.0622 0.0157 0.1494 0.3752 
0.2  50  8.50 0.1010 0.0171 0.0177 0.0091 2.9000 0.0267 0.0287 0.0715 0.0496 0.0729 0.0302 0.0176 0.1600 0.4030 
0.2  50  8.25 0.1010 0.0173 0.0178 0.0092 2.9000 0.0270 0.0287 0.0722 0.0501 0.0735 0.0305 0.0177 0.1620 0.4070 
0.2  50  8.00 0.1010 0.0176 0.0182 0.0095 2.9000 0.0278 0.0287 0.0740 0.0514 0.0748 0.0314 0.0180 0.1650 0.4150 
0.2  50  7.75 0.1010 0.0183 0.0189 0.0101 2.9000 0.0296 0.0288 0.0786 0.0546 0.0768 0.0335 0.0185 0.1720 0.4330 
0.2  50  7.50 0.1010 0.0202 0.0194 0.0115 2.9100 0.0338 0.0289 0.0894 0.0621 0.0782 0.0377 0.0189 0.1810 0.4550 
0.2  50  7.25 0.1025 0.0245 0.0189 0.0141 2.9180 0.0416 0.0293 0.1117 0.0776 0.0764 0.0447 0.0184 0.1836 0.4613 
0.2  50  7.00 0.1043 0.0326 0.0165 0.0180 2.9310 0.0530 0.0298 0.1505 0.1045 0.0708 0.0519 0.0171 0.1723 0.4329 
0.2  50  6.75 0.1067 0.0462 0.0131 0.0215 2.9440 0.0633 0.0305 0.2088 0.1448 0.0624 0.0531 0.0151 0.1490 0.3744 
0.2  50  6.50 0.1096 0.0657 0.0095 0.0226 2.9580 0.0666 0.0313 0.2857 0.1980 0.0520 0.0461 0.0126 0.1198 0.3008 
0.2  20  8.50 0.0981 0.0109 0.0140 0.0069 2.9500 0.0203 0.0280 0.0541 0.0376 0.0599 0.0230 0.0145 0.1320 0.3330 
0.2  20  8.25 0.0981 0.0110 0.0141 0.0070 2.9500 0.0206 0.0280 0.0547 0.0380 0.0604 0.0233 0.0146 0.1340 0.3360 
0.2  20  8.00 0.0982 0.0112 0.0144 0.0072 2.9600 0.0212 0.0280 0.0563 0.0391 0.0615 0.0240 0.0148 0.1370 0.3430 
0.2  20  7.75 0.0986 0.0118 0.0149 0.0077 2.9600 0.0228 0.0281 0.0603 0.0418 0.0629 0.0257 0.0152 0.1420 0.3580 
0.2  20  7.50 0.0994 0.0132 0.0150 0.0089 2.9700 0.0262 0.0284 0.0697 0.0484 0.0631 0.0291 0.0152 0.1490 0.3730 
0.2  20  7.25 0.1010 0.0162 0.0139 0.0111 2.9900 0.0326 0.0288 0.0886 0.0615 0.0599 0.0341 0.0145 0.1470 0.3680 
0.2  20  7.00 0.1030 0.0220 0.0114 0.0139 3.0100 0.0410 0.0295 0.1200 0.0832 0.0534 0.0377 0.0129 0.1320 0.3310 
0.2  20  6.75 0.1070 0.0310 0.0084 0.0159 3.0300 0.0468 0.0304 0.1640 0.1140 0.0448 0.0357 0.0108 0.1080 0.2710 
0.2  20  6.50 0.1100 0.0432 0.0056 0.0157 3.0500 0.0463 0.0315 0.2180 0.1510 0.0353 0.0284 0.0085 0.0819 0.2060 
0.2  10  8.50 0.0942 0.0059 0.0094 0.0042 3.0400 0.0125 0.0269 0.0352 0.0244 0.0421 0.0149 0.0101 0.0936 0.2350 
0.2  10  8.25 0.0943 0.0060 0.0095 0.0043 3.0400 0.0127 0.0269 0.0356 0.0247 0.0424 0.0151 0.0102 0.0946 0.2380 
0.2  10  8.00 0.0945 0.0061 0.0097 0.0045 3.0500 0.0131 0.0270 0.0369 0.0256 0.0431 0.0157 0.0104 0.0969 0.2440 
0.2  10  7.75 0.0951 0.0065 0.0100 0.0049 3.0540 0.0143 0.0272 0.0402 0.0279 0.0437 0.0170 0.0105 0.1008 0.2531 
0.2  10  7.50 0.0965 0.0076 0.0095 0.0057 3.0700 0.0169 0.0276 0.0481 0.0334 0.0422 0.0192 0.0102 0.1020 0.2570 
0.2  10  7.25 0.0990 0.0098 0.0080 0.0072 3.0900 0.0212 0.0283 0.0628 0.0436 0.0374 0.0216 0.0090 0.0943 0.2370 
0.2  10  7.00 0.1030 0.0138 0.0057 0.0086 3.1100 0.0254 0.0293 0.0853 0.0592 0.0306 0.0217 0.0074 0.0771 0.1940 
0.2  10  6.75 0.1070 0.0196 0.0036 0.0090 3.1200 0.0263 0.0306 0.1140 0.0791 0.0235 0.0179 0.0057 0.0572 0.1440 
0.2  10  6.50 0.1110 0.0273 0.0021 0.0081 3.1100 0.0237 0.0319 0.1470 0.1020 0.0168 0.0127 0.0041 0.0394 0.0989 
0.1  inf 8.50 0.0981 0.0140 0.0124 0.0043 2.9000 0.0125 0.0280 0.0496 0.0345 0.0454 0.0215 0.0110 0.0974 0.2450 
0.1  inf 8.25 0.0981 0.0141 0.0125 0.0043 2.9000 0.0126 0.0280 0.0499 0.0347 0.0456 0.0216 0.0110 0.0979 0.2460 
0.1  inf 8.00 0.0982 0.0142 0.0126 0.0043 2.9000 0.0128 0.0280 0.0506 0.0352 0.0462 0.0220 0.0111 0.0993 0.2500 
0.1  inf 7.75 0.0984 0.0147 0.0130 0.0045 2.9000 0.0133 0.0281 0.0526 0.0365 0.0473 0.0229 0.0114 0.1030 0.2580 
0.1  inf 7.50 0.0989 0.0158 0.0135 0.0050 2.9000 0.0147 0.0282 0.0576 0.0400 0.0486 0.0251 0.0117 0.1080 0.2710 
0.1  inf 7.25 0.1000 0.0184 0.0135 0.0060 2.9100 0.0176 0.0285 0.0692 0.0481 0.0484 0.0294 0.0117 0.1120 0.2820 
0.1  inf 7.00 0.1020 0.0238 0.0121 0.0077 2.9100 0.0225 0.0291 0.0911 0.0633 0.0457 0.0349 0.0110 0.1090 0.2730 
0.1  inf 6.75 0.1050 0.0334 0.0099 0.0095 2.9200 0.0280 0.0298 0.1260 0.0874 0.0411 0.0379 0.0099 0.0965 0.2430 
0.1  inf 6.50 0.1080 0.0478 0.0074 0.0106 2.9300 0.0311 0.0308 0.1750 0.1210 0.0354 0.0350 0.0085 0.0799 0.2010 
0.1  50  8.50 0.0966 0.0105 0.0104 0.0035 2.9300 0.0104 0.0276 0.0412 0.0286 0.0397 0.0173 0.0096 0.0853 0.2140 
0.1  50  8.25 0.0966 0.0106 0.0105 0.0036 2.9300 0.0104 0.0276 0.0415 0.0288 0.0399 0.0174 0.0096 0.0858 0.2160 
0.1  50  8.00 0.0967 0.0107 0.0106 0.0036 2.9300 0.0106 0.0276 0.0421 0.0293 0.0404 0.0177 0.0098 0.0871 0.2190 
0.1  50  7.75 0.0970 0.0110 0.0109 0.0038 2.9400 0.0111 0.0277 0.0440 0.0305 0.0415 0.0185 0.0100 0.0901 0.2260 
0.1  50  7.50 0.0977 0.0119 0.0112 0.0042 2.9400 0.0124 0.0279 0.0487 0.0338 0.0424 0.0204 0.0102 0.0949 0.2390 
0.1  50  7.25 0.0990 0.0141 0.0110 0.0051 2.9500 0.0150 0.0283 0.0594 0.0412 0.0416 0.0239 0.0100 0.0976 0.2450 
0.1  50  7.00 0.1010 0.0186 0.0095 0.0065 2.9600 0.0192 0.0289 0.0790 0.0548 0.0384 0.0280 0.0093 0.0921 0.2310 
0.1  50  6.75 0.1040 0.0261 0.0074 0.0080 2.9700 0.0234 0.0298 0.1090 0.0756 0.0337 0.0291 0.0081 0.0795 0.2000 
0.1  50  6.50 0.1080 0.0371 0.0053 0.0085 2.9800 0.0251 0.0308 0.1490 0.1030 0.0281 0.0254 0.0068 0.0637 0.1600 
0.1  20  8.50 0.0945 0.0066 0.0079 0.0026 2.9900 0.0077 0.0270 0.0306 0.0213 0.0321 0.0126 0.0078 0.0692 0.1740 
0.1  20  8.25 0.0945 0.0066 0.0080 0.0027 2.9900 0.0078 0.0270 0.0308 0.0214 0.0323 0.0127 0.0078 0.0697 0.1750 
0.1  20  8.00 0.0946 0.0067 0.0081 0.0027 2.9900 0.0080 0.0270 0.0314 0.0218 0.0327 0.0129 0.0079 0.0709 0.1780 
0.1  20  7.75 0.0950 0.0070 0.0083 0.0029 3.0000 0.0084 0.0271 0.0330 0.0229 0.0335 0.0136 0.0081 0.0735 0.1850 
0.1  20  7.50 0.0959 0.0076 0.0085 0.0032 3.0100 0.0095 0.0274 0.0373 0.0259 0.0339 0.0151 0.0082 0.0772 0.1940 
0.1  20  7.25 0.0977 0.0092 0.0079 0.0040 3.0200 0.0117 0.0279 0.0465 0.0323 0.0323 0.0176 0.0078 0.0773 0.1940 
0.1  20  7.00 0.1010 0.0124 0.0064 0.0050 3.0400 0.0148 0.0288 0.0624 0.0433 0.0287 0.0198 0.0069 0.0698 0.1750 
0.1  20  6.75 0.1040 0.0174 0.0046 0.0059 3.0500 0.0173 0.0299 0.0853 0.0591 0.0240 0.0191 0.0058 0.0571 0.1440 
0.1  20  6.50 0.1090 0.0242 0.0030 0.0059 3.0700 0.0174 0.0311 0.1140 0.0786 0.0190 0.0153 0.0046 0.0433 0.1090 
0.1  10  8.50 0.0911 0.0035 0.0051 0.0016 3.0800 0.0046 0.0260 0.0194 0.0135 0.0221 0.0077 0.0053 0.0480 0.1210 
0.1  10  8.25 0.0911 0.0035 0.0052 0.0016 3.0800 0.0047 0.0260 0.0196 0.0136 0.0222 0.0078 0.0054 0.0484 0.1220 
0.1  10  8.00 0.0913 0.0036 0.0052 0.0016 3.0800 0.0048 0.0261 0.0201 0.0139 0.0226 0.0080 0.0055 0.0493 0.1240 
0.1  10  7.75 0.0920 0.0037 0.0053 0.0018 3.0870 0.0052 0.0263 0.0215 0.0149 0.0230 0.0085 0.0056 0.0513 0.1289 
0.1  10  7.50 0.0935 0.0043 0.0052 0.0020 3.1000 0.0060 0.0267 0.0251 0.0175 0.0225 0.0095 0.0054 0.0529 0.1330 
0.1  10  7.25 0.0963 0.0054 0.0044 0.0026 3.1200 0.0075 0.0275 0.0326 0.0226 0.0200 0.0108 0.0048 0.0495 0.1240 
0.1  10  7.00 0.1010 0.0076 0.0031 0.0031 3.1300 0.0092 0.0287 0.0441 0.0306 0.0163 0.0111 0.0039 0.0405 0.1020 
0.1  10  6.75 0.1060 0.0108 0.0020 0.0033 3.1400 0.0097 0.0302 0.0590 0.0409 0.0125 0.0093 0.0030 0.0300 0.0753 
0.1  10  6.50 0.1110 0.0151 0.0011 0.0030 3.1200 0.0089 0.0318 0.0761 0.0527 0.0090 0.0067 0.0022 0.0206 0.0518 
0.05 inf 8.50 0.0964 0.0077 0.0068 0.0018 2.9180 0.0054 0.0275 0.0266 0.0185 0.0237 0.0117 0.0057 0.0507 0.1273 
0.05 inf 8.25 0.0964 0.0077 0.0068 0.0019 2.9180 0.0055 0.0275 0.0267 0.0186 0.0238 0.0118 0.0057 0.0509 0.1278 
0.05 inf 8.00 0.0965 0.0078 0.0069 0.0019 2.9200 0.0055 0.0275 0.0270 0.0188 0.0241 0.0119 0.0058 0.0514 0.1290 
0.05 inf 7.75 0.0967 0.0079 0.0070 0.0020 2.9200 0.0057 0.0276 0.0279 0.0194 0.0246 0.0123 0.0059 0.0528 0.1330 
0.05 inf 7.50 0.0972 0.0085 0.0072 0.0021 2.9200 0.0062 0.0277 0.0302 0.0210 0.0253 0.0134 0.0061 0.0554 0.1390 
0.05 inf 7.25 0.0984 0.0098 0.0072 0.0025 2.9300 0.0074 0.0281 0.0358 0.0248 0.0252 0.0155 0.0061 0.0578 0.1450 
0.05 inf 7.00 0.1000 0.0126 0.0065 0.0032 2.9300 0.0094 0.0286 0.0467 0.0324 0.0238 0.0183 0.0057 0.0561 0.1410 
0.05 inf 6.75 0.1030 0.0176 0.0053 0.0040 2.9300 0.0118 0.0295 0.0645 0.0447 0.0213 0.0200 0.0000 0.0498 0.1250 
0.05 inf 6.50 0.1070 0.0252 0.0039 0.0045 2.9400 0.0132 0.0305 0.0894 0.0620 0.0183 0.0185 0.0044 0.0411 0.1030 
0.05 50  8.50 0.0950 0.0057 0.0056 0.0015 2.9540 0.0045 0.0271 0.0220 0.0153 0.0207 0.0093 0.0050 0.0442 0.1109 
0.05 50  8.25 0.0950 0.0057 0.0056 0.0015 2.9540 0.0045 0.0271 0.0221 0.0153 0.0208 0.0093 0.0050 0.0443 0.1113 
0.05 50  8.00 0.0951 0.0058 0.0057 0.0016 2.9550 0.0046 0.0271 0.0223 0.0155 0.0210 0.0095 0.0051 0.0448 0.1126 
0.05 50  7.75 0.0953 0.0059 0.0058 0.0016 2.9570 0.0048 0.0272 0.0231 0.0161 0.0214 0.0098 0.0052 0.0462 0.1159 
0.05 50  7.50 0.0960 0.0064 0.0060 0.0018 2.9610 0.0052 0.0274 0.0253 0.0176 0.0219 0.0107 0.0053 0.0485 0.1219 
0.05 50  7.25 0.0975 0.0075 0.0059 0.0021 2.9660 0.0063 0.0278 0.0305 0.0212 0.0216 0.0125 0.0052 0.0501 0.1259 
0.05 50  7.00 0.0998 0.0098 0.0051 0.0027 2.9720 0.0080 0.0285 0.0404 0.0280 0.0199 0.0146 0.0048 0.0475 0.1193 
0.05 50  6.75 0.1031 0.0137 0.0039 0.0034 2.9810 0.0099 0.0295 0.0557 0.0386 0.0174 0.0152 0.0042 0.0409 0.1028 
0.05 50  6.50 0.1070 0.0195 0.0028 0.0036 2.9890 0.0106 0.0306 0.0763 0.0529 0.0145 0.0133 0.0035 0.0327 0.0822 
0.05 20  8.50 0.0929 0.0035 0.0042 0.0011 3.0130 0.0033 0.0265 0.0162 0.0113 0.0166 0.0067 0.0040 0.0356 0.0894 
0.05 20  8.25 0.0930 0.0036 0.0043 0.0011 3.0140 0.0033 0.0265 0.0163 0.0113 0.0167 0.0067 0.0040 0.0358 0.0898 
0.05 20  8.00 0.0931 0.0036 0.0043 0.0012 3.0160 0.0034 0.0266 0.0165 0.0115 0.0169 0.0068 0.0041 0.0362 0.0910 
0.05 20  7.75 0.0934 0.0037 0.0044 0.0012 3.0190 0.0036 0.0267 0.0172 0.0120 0.0173 0.0071 0.0042 0.0374 0.0941 
0.05 20  7.50 0.0944 0.0040 0.0045 0.0014 3.0250 0.0040 0.0269 0.0192 0.0133 0.0175 0.0078 0.0042 0.0394 0.0988 
0.05 20  7.25 0.0963 0.0049 0.0042 0.0017 3.0360 0.0049 0.0275 0.0238 0.0165 0.0167 0.0091 0.0040 0.0397 0.0996 
0.05 20  7.00 0.0993 0.0065 0.0034 0.0021 3.0500 0.0062 0.0284 0.0318 0.0221 0.0148 0.0102 0.0036 0.0359 0.0901 
0.05 20  6.75 0.1034 0.0091 0.0024 0.0025 3.0660 0.0073 0.0296 0.0435 0.0301 0.0124 0.0099 0.0030 0.0293 0.0736 
0.05 20  6.50 0.1081 0.0127 0.0016 0.0025 3.0840 0.0074 0.0309 0.0579 0.0401 0.0098 0.0079 0.0024 0.0222 0.0557 
0.05 10  8.50 0.0897 0.0019 0.0027 0.0007 3.0950 0.0020 0.0256 0.0102 0.0071 0.0114 0.0040 0.0027 0.0245 0.0615 
0.05 10  8.25 0.0898 0.0019 0.0027 0.0007 3.0960 0.0020 0.0256 0.0102 0.0071 0.0114 0.0040 0.0028 0.0246 0.0619 
0.05 10  8.00 0.0900 0.0019 0.0027 0.0007 3.0990 0.0020 0.0257 0.0104 0.0073 0.0116 0.0041 0.0028 0.0250 0.0629 
0.05 10  7.75 0.0906 0.0020 0.0028 0.0007 3.1050 0.0022 0.0259 0.0111 0.0077 0.0118 0.0043 0.0028 0.0260 0.0653 
0.05 10  7.50 0.0922 0.0022 0.0027 0.0008 3.1160 0.0025 0.0263 0.0129 0.0089 0.0116 0.0048 0.0028 0.0269 0.0676 
0.05 10  7.25 0.0951 0.0028 0.0023 0.0011 3.1320 0.0031 0.0272 0.0166 0.0115 0.0103 0.0055 0.0025 0.0254 0.0637 
0.05 10  7.00 0.0995 0.0040 0.0016 0.0013 3.1450 0.0038 0.0285 0.0224 0.0156 0.0084 0.0057 0.0020 0.0208 0.0522 
0.05 10  6.75 0.1048 0.0057 0.0010 0.0014 3.1460 0.0041 0.0300 0.0301 0.0208 0.0064 0.0048 0.0015 0.0153 0.0385 
0.05 10  6.50 0.1107 0.0079 0.0006 0.0013 3.1300 0.0037 0.0317 0.0389 0.0269 0.0046 0.0034 0.0011 0.0105 0.0264 