Title: New Strong Line Abundance Diagnostics for H II Regions: Effects 
       of {kappa}-Distributed Electron Energies and New Atomic Data 
Authors: Dopita M.A., Sutherland R.S., Nicholls D.C., Kewley L.J., 
         Vogt F.P.A. 
Table: The `blue' line fluxes given by the MAPPINGS 4 models
================================================================================
Byte-by-byte Description of file: apjs481187t4_mrt.txt
--------------------------------------------------------------------------------
   Bytes Format Units Label     Explanations
--------------------------------------------------------------------------------
   1-  4 F4.2   [-]   Z         Model metallicity
   6-  8 A3     ---   kappa     Model {kappa} value
  10- 13 F4.2   [-]   logq      Model ionization parameter
  15- 20 F6.4   ---   O2-3727   The [O II] 3727 A line flux (1)
  22- 27 F6.4   ---   N2-3729   The [O II] 3729 A line flux (1)
  29- 34 F6.4   ---   Ne3-3869  The [Ne III] 3869 line flux (1)
  36- 41 F6.4   ---   S2-4068   The [S II] 4068,78 line flux (1)
  43- 48 F6.4   ---   Hg        The H{gamma} 4340 line flux (1)
  50- 55 F6.4   ---   O3-4363   The [O III] 4363 line flux (1)
  57- 62 F6.4   ---   He1-4471  The He I 4471 line flux (1)
  64- 69 F6.4   ---   Hb        The H{beta} 4861 line flux (1)
  71- 76 F6.4   ---   O3-4959   The [O III] 4959 line flux (1)
  78- 83 F6.4   ---   O3-5007   The [O III] 5007 line flux (1)
  85- 90 F6.4   ---   He1-5016  The He I 5016 line flux (1)
  92- 97 F6.4   ---   Ar3-5192  The [Ar III] 5192 line flux (1)
  99-104 F6.4   ---   N1-5198   The [N I] 5190,00 line flux (1)
 106-111 F6.4   ---   N2-5755   The [N II] 5755 line flux (1)
--------------------------------------------------------------------------------
Note (1): Relative to F_H{beta}_ = 1.0.
--------------------------------------------------------------------------------
5.0  inf 8.50 0.0105 0.0148 0.0002 0.0003 0.4447 0.0000 0.0941 1.0000 0.0021 0.0061 0.0529 0.0000 0.0000 0.0001 
5.0  inf 8.25 0.0067 0.0095 0.0001 0.0002 0.4458 0.0000 0.0923 1.0000 0.0014 0.0039 0.0498 0.0000 0.0000 0.0000 
5.0  inf 8.00 0.0048 0.0068 0.0001 0.0002 0.4470 0.0000 0.0907 1.0000 0.0010 0.0029 0.0472 0.0000 0.0000 0.0000 
5.0  inf 7.75 0.0039 0.0055 0.0001 0.0002 0.4481 0.0000 0.0889 1.0000 0.0008 0.0023 0.0452 0.0000 0.0000 0.0000 
5.0  inf 7.50 0.0030 0.0043 0.0001 0.0002 0.4488 0.0000 0.0873 1.0000 0.0006 0.0017 0.0438 0.0000 0.0000 0.0000 
5.0  inf 7.25 0.0019 0.0027 0.0000 0.0001 0.4486 0.0000 0.0841 1.0000 0.0003 0.0010 0.0423 0.0000 0.0000 0.0000 
5.0  inf 7.00 0.0008 0.0012 0.0000 0.0001 0.4472 0.0000 0.0793 1.0000 0.0001 0.0004 0.0407 0.0000 0.0000 0.0000 
5.0  inf 6.75 0.0003 0.0004 0.0000 0.0000 0.4442 0.0000 0.0728 1.0000 0.0000 0.0001 0.0396 0.0000 0.0000 0.0000 
5.0  inf 6.50 0.0000 0.0001 0.0000 0.0000 0.4394 0.0000 0.0635 1.0000 0.0000 0.0000 0.0392 0.0000 0.0000 0.0000 
5.0  50  8.50 0.0204 0.0285 0.0004 0.0004 0.4446 0.0000 0.0920 1.0000 0.0036 0.0104 0.0512 0.0000 0.0000 0.0001 
5.0  50  8.25 0.0143 0.0200 0.0003 0.0004 0.4456 0.0000 0.0902 1.0000 0.0025 0.0073 0.0483 0.0000 0.0000 0.0001 
5.0  50  8.00 0.0113 0.0159 0.0002 0.0004 0.4468 0.0000 0.0884 1.0000 0.0020 0.0058 0.0458 0.0000 0.0000 0.0001 
5.0  50  7.75 0.0098 0.0138 0.0002 0.0004 0.4478 0.0000 0.0867 1.0000 0.0017 0.0048 0.0439 0.0000 0.0000 0.0001 
5.0  50  7.50 0.0085 0.0120 0.0002 0.0004 0.4486 0.0000 0.0851 1.0000 0.0013 0.0037 0.0426 0.0000 0.0000 0.0000 
5.0  50  7.25 0.0062 0.0086 0.0001 0.0003 0.4483 0.0000 0.0820 1.0000 0.0007 0.0021 0.0411 0.0000 0.0000 0.0000 
5.0  50  7.00 0.0034 0.0047 0.0001 0.0002 0.4469 0.0000 0.0774 1.0000 0.0003 0.0008 0.0396 0.0000 0.0000 0.0000 
5.0  50  6.75 0.0015 0.0021 0.0000 0.0001 0.4440 0.0000 0.0712 1.0000 0.0001 0.0002 0.0385 0.0000 0.0000 0.0000 
5.0  50  6.50 0.0003 0.0004 0.0000 0.0000 0.4394 0.0000 0.0626 1.0000 0.0000 0.0000 0.0383 0.0000 0.0000 0.0000 
5.0  20  8.50 0.0437 0.0602 0.0011 0.0008 0.4444 0.0000 0.0890 1.0000 0.0075 0.0216 0.0487 0.0000 0.0000 0.0004 
5.0  20  8.25 0.0338 0.0467 0.0008 0.0008 0.4453 0.0000 0.0870 1.0000 0.0056 0.0161 0.0461 0.0000 0.0000 0.0003 
5.0  20  8.00 0.0296 0.0408 0.0007 0.0008 0.4465 0.0000 0.0851 1.0000 0.0047 0.0137 0.0438 0.0000 0.0000 0.0003 
5.0  20  7.75 0.0281 0.0386 0.0007 0.0009 0.4475 0.0000 0.0833 1.0000 0.0041 0.0117 0.0420 0.0000 0.0000 0.0003 
5.0  20  7.50 0.0268 0.0366 0.0006 0.0010 0.4481 0.0000 0.0817 1.0000 0.0031 0.0090 0.0408 0.0000 0.0000 0.0002 
5.0  20  7.25 0.0235 0.0319 0.0005 0.0011 0.4480 0.0000 0.0792 1.0000 0.0019 0.0056 0.0396 0.0000 0.0000 0.0002 
5.0  20  7.00 0.0153 0.0205 0.0002 0.0008 0.4465 0.0000 0.0748 1.0000 0.0008 0.0022 0.0381 0.0000 0.0000 0.0001 
5.0  20  6.75 0.0074 0.0096 0.0001 0.0005 0.4436 0.0000 0.0687 1.0000 0.0002 0.0006 0.0369 0.0000 0.0000 0.0001 
5.0  20  6.50 0.0021 0.0026 0.0000 0.0002 0.4391 0.0000 0.0607 1.0000 0.0000 0.0001 0.0367 0.0000 0.0000 0.0000 
5.0  10  8.50 0.1030 0.1361 0.0033 0.0018 0.4438 0.0001 0.0835 1.0000 0.0193 0.0558 0.0447 0.0000 0.0000 0.0015 
5.0  10  8.25 0.0900 0.1183 0.0027 0.0018 0.4446 0.0001 0.0815 1.0000 0.0159 0.0460 0.0425 0.0000 0.0000 0.0013 
5.0  10  8.00 0.0876 0.1137 0.0026 0.0020 0.4457 0.0000 0.0795 1.0000 0.0142 0.0410 0.0404 0.0000 0.0000 0.0012 
5.0  10  7.75 0.0906 0.1158 0.0026 0.0025 0.4466 0.0000 0.0776 1.0000 0.0122 0.0353 0.0389 0.0000 0.0000 0.0012 
5.0  10  7.50 0.0934 0.1181 0.0024 0.0030 0.4472 0.0000 0.0760 1.0000 0.0091 0.0262 0.0378 0.0000 0.0000 0.0013 
5.0  10  7.25 0.0887 0.1110 0.0018 0.0034 0.4469 0.0000 0.0737 1.0000 0.0053 0.0153 0.0368 0.0000 0.0000 0.0012 
5.0  10  7.00 0.0660 0.0796 0.0010 0.0032 0.4455 0.0000 0.0698 1.0000 0.0021 0.0061 0.0354 0.0000 0.0000 0.0009 
5.0  10  6.75 0.0368 0.0407 0.0004 0.0023 0.4427 0.0000 0.0644 1.0000 0.0006 0.0017 0.0343 0.0000 0.0000 0.0005 
5.0  10  6.50 0.0126 0.0116 0.0001 0.0012 0.4385 0.0000 0.0574 1.0000 0.0001 0.0003 0.0341 0.0000 0.0000 0.0002 
3.0  inf 8.50 0.2716 0.3893 0.0226 0.0037 0.4542 0.0003 0.0768 1.0000 0.1242 0.3591 0.0388 0.0001 0.0001 0.0016 
3.0  inf 8.25 0.2880 0.4139 0.0214 0.0042 0.4550 0.0002 0.0761 1.0000 0.1162 0.3358 0.0384 0.0001 0.0001 0.0016 
3.0  inf 8.00 0.3166 0.4555 0.0207 0.0051 0.4560 0.0002 0.0753 1.0000 0.1095 0.3164 0.0381 0.0001 0.0001 0.0018 
3.0  inf 7.75 0.3512 0.5055 0.0199 0.0066 0.4568 0.0001 0.0742 1.0000 0.0994 0.2875 0.0377 0.0001 0.0002 0.0019 
3.0  inf 7.50 0.3806 0.5478 0.0182 0.0085 0.4575 0.0001 0.0728 1.0000 0.0811 0.2345 0.0372 0.0001 0.0002 0.0020 
3.0  inf 7.25 0.3884 0.5589 0.0149 0.0107 0.4578 0.0001 0.0709 1.0000 0.0547 0.1581 0.0363 0.0001 0.0002 0.0019 
3.0  inf 7.00 0.3620 0.5208 0.0104 0.0125 0.4578 0.0000 0.0684 1.0000 0.0286 0.0827 0.0350 0.0000 0.0002 0.0017 
3.0  inf 6.75 0.3058 0.4398 0.0062 0.0134 0.4575 0.0000 0.0652 1.0000 0.0118 0.0340 0.0333 0.0000 0.0003 0.0014 
3.0  inf 6.50 0.2356 0.3388 0.0032 0.0130 0.4569 0.0000 0.0614 1.0000 0.0041 0.0117 0.0312 0.0000 0.0003 0.0011 
3.0  50  8.50 0.3144 0.4499 0.0272 0.0041 0.4539 0.0005 0.0749 1.0000 0.1458 0.4213 0.0378 0.0001 0.0001 0.0020 
3.0  50  8.25 0.3371 0.4836 0.0260 0.0047 0.4547 0.0004 0.0743 1.0000 0.1374 0.3972 0.0375 0.0001 0.0001 0.0021 
3.0  50  8.00 0.3759 0.5400 0.0255 0.0055 0.4556 0.0004 0.0732 1.0000 0.1301 0.3760 0.0372 0.0001 0.0003 0.0023 
3.0  50  7.75 0.4245 0.6100 0.0248 0.0076 0.4564 0.0003 0.0724 1.0000 0.1176 0.3400 0.0368 0.0001 0.0002 0.0026 
3.0  50  7.50 0.4692 0.6743 0.0227 0.0100 0.4571 0.0002 0.0709 1.0000 0.0945 0.2730 0.0362 0.0001 0.0002 0.0028 
3.0  50  7.25 0.4880 0.7012 0.0185 0.0128 0.4574 0.0002 0.0691 1.0000 0.0622 0.1797 0.0354 0.0001 0.0002 0.0028 
3.0  50  7.00 0.4643 0.6670 0.0130 0.0153 0.4573 0.0001 0.0666 1.0000 0.0320 0.0924 0.0341 0.0001 0.0003 0.0027 
3.0  50  6.75 0.4009 0.5757 0.0078 0.0167 0.4570 0.0000 0.0635 1.0000 0.0131 0.0377 0.0324 0.0000 0.0003 0.0022 
3.0  50  6.50 0.3163 0.4540 0.0041 0.0167 0.4565 0.0000 0.0598 1.0000 0.0045 0.0130 0.0304 0.0000 0.0003 0.0017 
3.0  20  8.50 0.3713 0.5295 0.0346 0.0045 0.4535 0.0012 0.0721 1.0000 0.1810 0.5232 0.0364 0.0001 0.0001 0.0026 
3.0  20  8.25 0.4043 0.5783 0.0335 0.0053 0.4542 0.0010 0.0715 1.0000 0.1718 0.4965 0.0361 0.0001 0.0001 0.0028 
3.0  20  8.00 0.4588 0.6570 0.0331 0.0066 0.4550 0.0009 0.0706 1.0000 0.1624 0.4694 0.0357 0.0001 0.0001 0.0032 
3.0  20  7.75 0.5298 0.7591 0.0322 0.0088 0.4558 0.0008 0.0696 1.0000 0.1447 0.4183 0.0354 0.0001 0.0002 0.0036 
3.0  20  7.50 0.5966 0.8549 0.0293 0.0119 0.4563 0.0006 0.0682 1.0000 0.1128 0.3260 0.0348 0.0001 0.0002 0.0041 
3.0  20  7.25 0.6321 0.9056 0.0236 0.0156 0.4566 0.0004 0.0663 1.0000 0.0716 0.2071 0.0339 0.0001 0.0002 0.0043 
3.0  20  7.00 0.6132 0.8784 0.0164 0.0191 0.4565 0.0002 0.0640 1.0000 0.0358 0.1034 0.0327 0.0001 0.0003 0.0042 
3.0  20  6.75 0.5423 0.7765 0.0099 0.0216 0.4562 0.0001 0.0610 1.0000 0.0144 0.0415 0.0311 0.0001 0.0003 0.0037 
3.0  20  6.50 0.4428 0.6336 0.0053 0.0223 0.4557 0.0000 0.0575 1.0000 0.0049 0.0143 0.0292 0.0001 0.0004 0.0030 
3.0  10  8.50 0.4468 0.6319 0.0478 0.0052 0.4525 0.0034 0.0674 1.0000 0.2441 0.7056 0.0340 0.0002 0.0001 0.0035 
3.0  10  8.25 0.5009 0.7108 0.0467 0.0062 0.4532 0.0032 0.0668 1.0000 0.2317 0.6698 0.0337 0.0002 0.0001 0.0039 
3.0  10  8.00 0.5854 0.8324 0.0461 0.0079 0.4539 0.0029 0.0660 1.0000 0.2154 0.6227 0.0333 0.0002 0.0001 0.0046 
3.0  10  7.75 0.6944 0.9885 0.0443 0.0108 0.4545 0.0025 0.0649 1.0000 0.1850 0.5346 0.0329 0.0003 0.0002 0.0056 
3.0  10  7.50 0.8030 1.1440 0.0395 0.0150 0.4550 0.0019 0.0636 1.0000 0.1372 0.3965 0.0324 0.0003 0.0002 0.0066 
3.0  10  7.25 0.8721 1.2430 0.0313 0.0203 0.4552 0.0012 0.0619 1.0000 0.0828 0.2394 0.0316 0.0002 0.0003 0.0074 
3.0  10  7.00 0.8662 1.2340 0.0216 0.0258 0.4552 0.0006 0.0596 1.0000 0.0397 0.1149 0.0304 0.0002 0.0003 0.0075 
3.0  10  6.75 0.7891 1.1230 0.0131 0.0302 0.4549 0.0002 0.0569 1.0000 0.0157 0.0454 0.0289 0.0002 0.0004 0.0069 
3.0  10  6.50 0.6641 0.9438 0.0072 0.0322 0.0001 0.0535 0.0000 1.0000 0.0054 0.0156 0.0271 0.0001 0.0004 0.0058 
2.0  inf 8.50 0.5862 0.8442 0.0991 0.0077 0.4593 0.0023 0.0630 1.0000 0.5160 1.4920 0.0329 0.0003 0.0005 0.0026 
2.0  inf 8.25 0.6283 0.9058 0.0960 0.0083 0.4595 0.0021 0.0628 1.0000 0.4930 1.4250 0.0329 0.0003 0.0006 0.0028 
2.0  inf 8.00 0.7061 1.0190 0.0938 0.0097 0.4598 0.0019 0.0626 1.0000 0.4666 1.3490 0.0329 0.0003 0.0006 0.0031 
2.0  inf 7.75 0.8266 1.1930 0.0911 0.0123 0.4603 0.0016 0.0622 1.0000 0.4233 1.2240 0.0329 0.0003 0.0007 0.0035 
2.0  inf 7.50 0.9796 1.4140 0.0855 0.0164 0.4609 0.0014 0.0616 1.0000 0.3498 1.0110 0.0328 0.0003 0.0008 0.0041 
2.0  inf 7.25 1.1300 1.6310 0.0747 0.0225 0.4612 0.0010 0.0607 1.0000 0.2467 0.7131 0.0325 0.0003 0.0011 0.0047 
2.0  inf 7.00 1.2210 1.7630 0.0587 0.0301 0.4614 0.0006 0.0595 1.0000 0.1399 0.4044 0.0319 0.0003 0.0014 0.0051 
2.0  inf 6.75 1.2090 1.7440 0.0405 0.0383 0.4613 0.0003 0.0578 1.0000 0.0628 0.1816 0.0310 0.0002 0.0017 0.0051 
2.0  inf 6.50 1.0970 1.5840 0.0248 0.0452 0.4610 0.0001 0.0556 1.0000 0.0235 0.0679 0.0296 0.0002 0.0021 0.0046 
2.0  50  8.50 0.6060 0.8718 0.1082 0.0075 0.4588 0.0036 0.0615 1.0000 0.5587 1.6150 0.0321 0.0003 0.0005 0.0028 
2.0  50  8.25 0.6559 0.9447 0.1051 0.0083 0.4590 0.0033 0.0613 1.0000 0.5329 1.5400 0.0321 0.0003 0.0005 0.0030 
2.0  50  8.00 0.7441 1.0720 0.1026 0.0098 0.4594 0.0030 0.0611 1.0000 0.5010 1.4480 0.0321 0.0003 0.0005 0.0034 
2.0  50  7.75 0.8807 1.2700 0.0993 0.0125 0.4599 0.0027 0.0607 1.0000 0.4494 1.2990 0.0321 0.0004 0.0006 0.0040 
2.0  50  7.50 1.0550 1.5210 0.0926 0.0170 0.4603 0.0023 0.0601 1.0000 0.3653 1.0560 0.0320 0.0004 0.0008 0.0047 
2.0  50  7.25 1.2240 1.7640 0.0802 0.0236 0.4607 0.0017 0.0593 1.0000 0.2526 0.7300 0.0317 0.0004 0.0010 0.0055 
2.0  50  7.00 1.3230 1.9080 0.0623 0.0319 0.4608 0.0010 0.0581 1.0000 0.1403 0.4056 0.0311 0.0003 0.0013 0.0061 
2.0  50  6.75 1.3120 1.8920 0.0427 0.0409 0.4607 0.0004 0.0564 1.0000 0.0621 0.1794 0.0302 0.0003 0.0017 0.0061 
2.0  50  6.50 1.1990 1.7280 0.0261 0.0487 0.4604 0.0002 0.0542 1.0000 0.0230 0.0665 0.0289 0.0002 0.0022 0.0056 
2.0  20  8.50 0.6082 0.8733 0.1190 0.0070 0.4581 0.0063 0.0593 1.0000 0.6125 1.7700 0.0309 0.0004 0.0003 0.0029 
2.0  20  8.25 0.6645 0.9553 0.1153 0.0078 0.4582 0.0059 0.0591 1.0000 0.5817 1.6810 0.0309 0.0004 0.0003 0.0032 
2.0  20  8.00 0.7658 1.1020 0.1122 0.0094 0.4586 0.0055 0.0589 1.0000 0.5414 1.5650 0.0309 0.0004 0.0004 0.0036 
2.0  20  7.75 0.9173 1.3200 0.1074 0.0122 0.4590 0.0049 0.0585 1.0000 0.4765 1.3770 0.0308 0.0004 0.0005 0.0044 
2.0  20  7.50 1.1070 1.5940 0.0985 0.0168 0.4594 0.0040 0.0579 1.0000 0.3769 1.0900 0.0307 0.0005 0.0006 0.0053 
2.0  20  7.25 1.2820 1.8460 0.0833 0.0235 0.4597 0.0028 0.0571 1.0000 0.2515 0.7270 0.0304 0.0005 0.0008 0.0063 
2.0  20  7.00 1.3760 1.9800 0.0631 0.0320 0.4597 0.0016 0.0559 1.0000 0.1344 0.3885 0.0298 0.0004 0.0011 0.0070 
2.0  20  6.75 1.3460 1.9370 0.0421 0.0411 0.4595 0.0007 0.0543 1.0000 0.0572 0.1653 0.0289 0.0003 0.0014 0.0070 
2.0  20  6.50 1.2170 1.7520 0.0251 0.0490 0.4592 0.0002 0.0522 1.0000 0.0205 0.0592 0.0276 0.0002 0.0019 0.0064 
2.0  10  8.50 0.5729 0.8190 0.1302 0.0062 0.4567 0.0129 0.0556 1.0000 0.6676 1.9300 0.0289 0.0005 0.0001 0.0029 
2.0  10  8.25 0.6371 0.9121 0.1254 0.0071 0.4568 0.0121 0.0555 1.0000 0.6285 1.8170 0.0289 0.0005 0.0001 0.0032 
2.0  10  8.00 0.7463 1.0690 0.1199 0.0087 0.4571 0.0111 0.0552 1.0000 0.5731 1.6560 0.0288 0.0005 0.0001 0.0037 
2.0  10  7.75 0.9042 1.2960 0.1114 0.0116 0.4574 0.0096 0.0548 1.0000 0.4862 1.4050 0.0287 0.0005 0.0002 0.0046 
2.0  10  7.50 1.0870 1.5580 0.0976 0.0161 0.4576 0.0074 0.0543 1.0000 0.3633 1.0500 0.0285 0.0005 0.0002 0.0058 
2.0  10  7.25 1.2430 1.7830 0.0782 0.0227 0.4577 0.0047 0.0535 1.0000 0.2248 0.6499 0.0282 0.0005 0.0003 0.0069 
2.0  10  7.00 1.3170 1.8880 0.0563 0.0311 0.4576 0.0023 0.0524 1.0000 0.1104 0.3190 0.0276 0.0005 0.0004 0.0077 
2.0  10  6.75 1.2780 1.8330 0.0362 0.0405 0.4574 0.0009 0.0508 1.0000 0.0436 0.1260 0.0267 0.0004 0.0006 0.0077 
2.0  10  6.50 1.1670 1.6740 0.0214 0.0492 0.4571 0.0003 0.0488 1.0000 0.0149 0.0431 0.0255 0.0003 0.0009 0.0071 
1.0  inf 8.50 0.8748 1.2640 0.2697 0.0113 0.4641 0.0150 0.0480 1.0000 1.3340 3.8560 0.0268 0.0007 0.0006 0.0025 
1.0  inf 8.25 0.9168 1.3250 0.2628 0.0119 0.4641 0.0143 0.0479 1.0000 1.2870 3.7200 0.0269 0.0007 0.0006 0.0026 
1.0  inf 8.00 1.0070 1.4550 0.2551 0.0131 0.4641 0.0135 0.0479 1.0000 1.2160 3.5160 0.0269 0.0007 0.0007 0.0028 
1.0  inf 7.75 1.1790 1.7040 0.2458 0.0155 0.4643 0.0125 0.0479 1.0000 1.1050 3.1940 0.0269 0.0008 0.0008 0.0032 
1.0  inf 7.50 1.4610 2.1120 0.2327 0.0202 0.4645 0.0110 0.0478 1.0000 0.9331 2.6970 0.0270 0.0008 0.0010 0.0040 
1.0  inf 7.25 1.8350 2.6530 0.2117 0.0279 0.4647 0.0087 0.0476 1.0000 0.6946 2.0080 0.0270 0.0009 0.0013 0.0051 
1.0  inf 7.00 2.1960 3.1750 0.1788 0.0395 0.4649 0.0057 0.0474 1.0000 0.4274 1.2360 0.0269 0.0009 0.0018 0.0063 
1.0  inf 6.75 2.3950 3.4640 0.1358 0.0549 0.4649 0.0029 0.0471 1.0000 0.2082 0.6018 0.0268 0.0008 0.0026 0.0072 
1.0  inf 6.50 2.3760 3.4360 0.0920 0.0726 0.4647 0.0011 0.0465 1.0000 0.0818 0.2365 0.0263 0.0007 0.0036 0.0073 
1.0  50  8.50 0.8257 1.1920 0.2704 0.0101 0.4635 0.0196 0.0468 1.0000 1.3390 3.8690 0.0262 0.0007 0.0004 0.0023 
1.0  50  8.25 0.8691 1.2550 0.2633 0.0106 0.4635 0.0187 0.0468 1.0000 1.2900 3.7290 0.0262 0.0007 0.0004 0.0024 
1.0  50  8.00 0.9604 1.3870 0.2547 0.0118 0.4636 0.0176 0.0468 1.0000 1.2160 3.5140 0.0262 0.0008 0.0005 0.0027 
1.0  50  7.75 1.1320 1.6360 0.2438 0.0141 0.4637 0.0161 0.0468 1.0000 1.0980 3.1730 0.0262 0.0008 0.0006 0.0031 
1.0  50  7.50 1.4090 2.0350 0.2280 0.0185 0.4638 0.0139 0.0467 1.0000 0.9158 2.6470 0.0263 0.0009 0.0007 0.0039 
1.0  50  7.25 1.7610 2.5440 0.2035 0.0258 0.4640 0.0107 0.0466 1.0000 0.6680 1.9310 0.0263 0.0009 0.0009 0.0050 
1.0  50  7.00 2.0750 2.9990 0.1672 0.0363 0.4641 0.0067 0.0464 1.0000 0.3987 1.1520 0.0262 0.0009 0.0014 0.0062 
1.0  50  6.75 2.2090 3.1930 0.1226 0.0499 0.4640 0.0032 0.0461 1.0000 0.1864 0.5388 0.0260 0.0008 0.0020 0.0069 
1.0  50  6.50 2.1260 3.0730 0.0797 0.0651 0.4637 0.0012 0.0456 1.0000 0.0699 0.2020 0.0256 0.0006 0.0028 0.0067 
1.0  20  8.50 0.7338 1.0580 0.2640 0.0083 0.4625 0.0266 0.0452 1.0000 1.3120 3.7920 0.0251 0.0008 0.0002 0.0021 
1.0  20  8.25 0.7772 1.1210 0.2563 0.0088 0.4625 0.0254 0.0452 1.0000 1.2610 3.6460 0.0251 0.0008 0.0002 0.0022 
1.0  20  8.00 0.8660 1.2500 0.2462 0.0098 0.4625 0.0237 0.0452 1.0000 1.1810 3.4130 0.0251 0.0008 0.0003 0.0024 
1.0  20  7.75 1.0280 1.4840 0.2319 0.0120 0.4625 0.0213 0.0451 1.0000 1.0510 3.0380 0.0252 0.0008 0.0003 0.0029 
1.0  20  7.50 1.2770 1.8440 0.2110 0.0158 0.4626 0.0177 0.0451 1.0000 0.8534 2.4670 0.0252 0.0008 0.0004 0.0036 
1.0  20  7.25 1.5680 2.2630 0.1803 0.0219 0.4626 0.0127 0.0450 1.0000 0.5943 1.7180 0.0252 0.0009 0.0006 0.0046 
1.0  20  7.00 1.7770 2.5660 0.1393 0.0304 0.4625 0.0072 0.0450 1.0000 0.3306 0.9555 0.0251 0.0008 0.0008 0.0055 
1.0  20  6.75 1.7880 2.5800 0.0944 0.0407 0.4621 0.0030 0.0448 1.0000 0.1409 0.4073 0.0248 0.0007 0.0012 0.0058 
1.0  20  6.50 1.6090 2.3230 0.0561 0.0510 0.4615 0.0010 0.0443 1.0000 0.0477 0.1378 0.0244 0.0005 0.0016 0.0053 
1.0  10  8.50 0.5761 0.8286 0.2395 0.0063 0.4604 0.0366 0.0425 1.0000 1.1910 3.4440 0.0234 0.0007 0.0001 0.0016 
1.0  10  8.25 0.6160 0.8864 0.2303 0.0067 0.4604 0.0347 0.0425 1.0000 1.1360 3.2830 0.0234 0.0008 0.0001 0.0017 
1.0  10  8.00 0.6941 0.9991 0.2167 0.0076 0.4603 0.0317 0.0426 1.0000 1.0430 3.0150 0.0234 0.0008 0.0001 0.0020 
1.0  10  7.75 0.8281 1.1920 0.1960 0.0094 0.4603 0.0271 0.0426 1.0000 0.8923 2.5790 0.0234 0.0008 0.0002 0.0024 
1.0  10  7.50 1.0110 1.4560 0.1665 0.0125 0.4601 0.0204 0.0427 1.0000 0.6734 1.9460 0.0234 0.0008 0.0002 0.0030 
1.0  10  7.25 1.1780 1.6960 0.1284 0.0171 0.4599 0.0125 0.0428 1.0000 0.4161 1.2030 0.0234 0.0007 0.0003 0.0037 
1.0  10  7.00 1.2220 1.7590 0.0868 0.0230 0.4595 0.0057 0.0428 1.0000 0.1952 0.5641 0.0232 0.0006 0.0004 0.0041 
1.0  10  6.75 1.1060 1.5900 0.0507 0.0294 0.4589 0.0019 0.0427 1.0000 0.0682 0.1971 0.0230 0.0004 0.0006 0.0038 
1.0  10  6.50 0.9097 1.3080 0.0265 0.0354 0.4583 0.0005 0.0423 1.0000 0.0190 0.0550 0.0225 0.0003 0.0009 0.0032 
0.5  inf 8.50 0.9135 1.3210 0.3909 0.0112 0.4674 0.0446 0.0420 1.0000 1.7650 5.1020 0.0249 0.0011 0.0002 0.0016 
0.5  inf 8.25 0.9385 1.3570 0.3863 0.0115 0.4674 0.0436 0.0420 1.0000 1.7370 5.0210 0.0249 0.0011 0.0002 0.0017 
0.5  inf 8.00 0.9963 1.4410 0.3778 0.0122 0.4674 0.0417 0.0420 1.0000 1.6780 4.8510 0.0249 0.0011 0.0002 0.0018 
0.5  inf 7.75 1.1190 1.6190 0.3638 0.0136 0.4674 0.0388 0.0420 1.0000 1.5660 4.5260 0.0249 0.0012 0.0002 0.0020 
0.5  inf 7.50 1.3490 1.9510 0.3415 0.0166 0.4674 0.0341 0.0421 1.0000 1.3670 3.9530 0.0250 0.0012 0.0003 0.0024 
0.5  inf 7.25 1.6970 2.4560 0.3066 0.0219 0.4674 0.0268 0.0422 1.0000 1.0590 3.0620 0.0250 0.0012 0.0004 0.0030 
0.5  inf 7.00 2.0820 3.0130 0.2565 0.0304 0.4673 0.0174 0.0423 1.0000 0.6784 1.9610 0.0251 0.0012 0.0005 0.0038 
0.5  inf 6.75 2.3170 3.3520 0.1939 0.0422 0.4670 0.0085 0.0425 1.0000 0.3361 0.9715 0.0251 0.0011 0.0008 0.0044 
0.5  inf 6.50 2.2860 3.3080 0.1305 0.0566 0.4665 0.0031 0.0426 1.0000 0.1285 0.3714 0.0250 0.0009 0.0012 0.0045 
0.5  50  8.50 0.8099 1.1710 0.3698 0.0096 0.4665 0.0492 0.0411 1.0000 1.6870 4.8760 0.0243 0.0010 0.0001 0.0014 
0.5  50  8.25 0.8335 1.2050 0.3649 0.0098 0.4664 0.0480 0.0411 1.0000 1.6580 4.7920 0.0243 0.0010 0.0001 0.0015 
0.5  50  8.00 0.8872 1.2830 0.3553 0.0104 0.4664 0.0458 0.0411 1.0000 1.5960 4.6120 0.0242 0.0011 0.0001 0.0016 
0.5  50  7.75 0.9998 1.4460 0.3389 0.0117 0.4663 0.0421 0.0411 1.0000 1.4760 4.2670 0.0242 0.0011 0.0002 0.0017 
0.5  50  7.50 1.2050 1.7430 0.3123 0.0144 0.4662 0.0360 0.0412 1.0000 1.2670 3.6610 0.0243 0.0011 0.0002 0.0021 
0.5  50  7.25 1.5040 2.1760 0.2720 0.0190 0.4661 0.0270 0.0413 1.0000 0.9509 2.7490 0.0243 0.0011 0.0003 0.0027 
0.5  50  7.00 1.8020 2.6060 0.2179 0.0261 0.4658 0.0162 0.0415 1.0000 0.5784 1.6720 0.0243 0.0010 0.0004 0.0033 
0.5  50  6.75 1.9270 2.7880 0.1558 0.0357 0.4654 0.0072 0.0418 1.0000 0.2673 0.7726 0.0243 0.0009 0.0005 0.0037 
0.5  50  6.50 1.8160 2.6260 0.0986 0.0468 0.4649 0.0024 0.0420 1.0000 0.0948 0.2739 0.0243 0.0007 0.0008 0.0036 
0.5  20  8.50 0.6589 0.9519 0.3312 0.0074 0.4650 0.0536 0.0397 1.0000 1.5320 4.4280 0.0232 0.0009 0.0001 0.0012 
0.5  20  8.25 0.6797 0.9820 0.3254 0.0076 0.4649 0.0520 0.0397 1.0000 1.5000 4.3350 0.0232 0.0010 0.0001 0.0012 
0.5  20  8.00 0.7263 1.0490 0.3140 0.0081 0.4648 0.0491 0.0397 1.0000 1.4320 4.1380 0.0232 0.0010 0.0001 0.0013 
0.5  20  7.75 0.8219 1.1880 0.2938 0.0092 0.4647 0.0440 0.0398 1.0000 1.3010 3.7600 0.0232 0.0010 0.0001 0.0014 
0.5  20  7.50 0.9890 1.4290 0.2613 0.0113 0.4644 0.0358 0.0399 1.0000 1.0780 3.1150 0.0232 0.0010 0.0001 0.0017 
0.5  20  7.25 1.2100 1.7490 0.2152 0.0150 0.4641 0.0246 0.0401 1.0000 0.7603 2.1970 0.0232 0.0009 0.0001 0.0022 
0.5  20  7.00 1.3840 1.9990 0.1594 0.0203 0.4635 0.0131 0.0405 1.0000 0.4205 1.2150 0.0232 0.0008 0.0002 0.0026 
0.5  20  6.75 1.3800 1.9940 0.1038 0.0268 0.4628 0.0050 0.0409 1.0000 0.1721 0.4974 0.0232 0.0006 0.0003 0.0027 
0.5  20  6.50 1.2020 1.7370 0.0593 0.0335 0.4621 0.0014 0.0412 1.0000 0.0539 0.1558 0.0231 0.0004 0.0004 0.0024 
0.5  10  8.50 0.4504 0.6494 0.2612 0.0050 0.4622 0.0546 0.0374 1.0000 1.2270 3.5470 0.0215 0.0008 0.0000 0.0008 
0.5  10  8.25 0.4666 0.6728 0.2541 0.0051 0.4621 0.0524 0.0374 1.0000 1.1900 3.4400 0.0215 0.0008 0.0000 0.0008 
0.5  10  8.00 0.5018 0.7236 0.2396 0.0055 0.4620 0.0481 0.0375 1.0000 1.1120 3.2130 0.0214 0.0008 0.0000 0.0009 
0.5  10  7.75 0.5708 0.8233 0.2143 0.0064 0.4617 0.0407 0.0376 1.0000 0.9658 2.7920 0.0214 0.0008 0.0000 0.0010 
0.5  10  7.50 0.6797 0.9803 0.1762 0.0080 0.4612 0.0297 0.0379 1.0000 0.7353 2.1250 0.0214 0.0007 0.0000 0.0012 
0.5  10  7.25 0.7925 1.1430 0.1293 0.0106 0.4605 0.0173 0.0383 1.0000 0.4518 1.3060 0.0214 0.0006 0.0001 0.0015 
0.5  10  7.00 0.8220 1.1850 0.0828 0.0139 0.4597 0.0073 0.0388 1.0000 0.2051 0.5929 0.0214 0.0005 0.0001 0.0016 
0.5  10  6.75 0.7256 1.0450 0.0461 0.0176 0.4590 0.0021 0.0395 1.0000 0.0669 0.1934 0.0215 0.0003 0.0001 0.0015 
0.5  10  6.50 0.5705 0.8210 0.0231 0.0210 0.4586 0.0005 0.0399 1.0000 0.0172 0.0496 0.0214 0.0002 0.0002 0.0012 
0.3  inf 8.50 0.7972 1.1530 0.3938 0.0095 0.4696 0.0651 0.0392 1.0000 1.6890 4.8810 0.0240 0.0011 0.0001 0.0011 
0.3  inf 8.25 0.8101 1.1720 0.3911 0.0097 0.4696 0.0642 0.0392 1.0000 1.6730 4.8350 0.0240 0.0011 0.0001 0.0011 
0.3  inf 8.00 0.8419 1.2180 0.3839 0.0100 0.4696 0.0619 0.0392 1.0000 1.6310 4.7130 0.0240 0.0012 0.0001 0.0011 
0.3  inf 7.75 0.9134 1.3220 0.3687 0.0108 0.4695 0.0574 0.0392 1.0000 1.5370 4.4410 0.0240 0.0012 0.0001 0.0012 
0.3  inf 7.50 1.0570 1.5300 0.3415 0.0126 0.4693 0.0495 0.0393 1.0000 1.3550 3.9180 0.0240 0.0012 0.0002 0.0014 
0.3  inf 7.25 1.2960 1.8760 0.2989 0.0159 0.4690 0.0376 0.0395 1.0000 1.0590 3.0600 0.0240 0.0012 0.0002 0.0017 
0.3  inf 7.00 1.5780 2.2830 0.2415 0.0214 0.4685 0.0231 0.0398 1.0000 0.6769 1.9560 0.0240 0.0011 0.0003 0.0022 
0.3  inf 6.75 1.7470 2.5290 0.1765 0.0292 0.4679 0.0106 0.0402 1.0000 0.3290 0.9510 0.0241 0.0009 0.0004 0.0025 
0.3  inf 6.50 1.7000 2.4600 0.1158 0.0390 0.4672 0.0036 0.0406 1.0000 0.1210 0.3497 0.0241 0.0007 0.0006 0.0025 
0.3  50  8.50 0.6762 0.9782 0.3562 0.0079 0.4682 0.0646 0.0383 1.0000 1.5500 4.4790 0.0233 0.0010 0.0001 0.0002 
0.3  50  8.25 0.6878 0.9950 0.3530 0.0080 0.4682 0.0635 0.0383 1.0000 1.5320 4.4290 0.0233 0.0010 0.0001 0.0009 
0.3  50  8.00 0.7158 1.0360 0.3447 0.0083 0.4681 0.0608 0.0384 1.0000 1.4870 4.2970 0.0233 0.0011 0.0001 0.0009 
0.3  50  7.75 0.7788 1.1270 0.3276 0.0090 0.4680 0.0556 0.0384 1.0000 1.3870 4.0090 0.0233 0.0011 0.0001 0.0010 
0.3  50  7.50 0.9036 1.3070 0.2975 0.0105 0.4677 0.0466 0.0385 1.0000 1.1990 3.4650 0.0233 0.0011 0.0001 0.0012 
0.3  50  7.25 1.1020 1.5940 0.2521 0.0134 0.4672 0.0337 0.0387 1.0000 0.9032 2.6110 0.0233 0.0010 0.0001 0.0015 
0.3  50  7.00 1.3120 1.8990 0.1948 0.0179 0.4666 0.0192 0.0391 1.0000 0.5456 1.5770 0.0233 0.0009 0.0002 0.0018 
0.3  50  6.75 1.3970 2.0210 0.1349 0.0241 0.4658 0.0080 0.0396 1.0000 0.2464 0.7121 0.0234 0.0007 0.0003 0.0020 
0.3  50  6.50 1.2970 1.8770 0.0835 0.0315 0.4651 0.0024 0.0401 1.0000 0.0839 0.2426 0.0234 0.0005 0.0004 0.0019 
0.3  20  8.50 0.5186 0.7497 0.3000 0.0058 0.4660 0.0615 0.0371 1.0000 1.3320 3.8490 0.0222 0.0009 0.0000 0.0007 
0.3  20  8.25 0.5282 0.7636 0.2962 0.0059 0.4659 0.0602 0.0371 1.0000 1.3120 3.7930 0.0222 0.0009 0.0000 0.0007 
0.3  20  8.00 0.5513 0.7969 0.2865 0.0061 0.4658 0.0569 0.0371 1.0000 1.2620 3.6470 0.0222 0.0009 0.0000 0.0007 
0.3  20  7.75 0.6024 0.8710 0.2670 0.0067 0.4655 0.0506 0.0372 1.0000 1.1550 3.3370 0.0222 0.0009 0.0000 0.0008 
0.3  20  7.50 0.7008 1.0130 0.2338 0.0080 0.4651 0.0403 0.0373 1.0000 0.9612 2.7780 0.0222 0.0009 0.0001 0.0009 
0.3  20  7.25 0.8442 1.2210 0.1872 0.0102 0.4644 0.0268 0.0377 1.0000 0.6783 1.9610 0.0222 0.0008 0.0001 0.0011 
0.3  20  7.00 0.9643 1.3940 0.1342 0.0135 0.4637 0.0135 0.0382 1.0000 0.3713 1.0730 0.0222 0.0006 0.0001 0.0013 
0.3  20  6.75 0.9584 1.3850 0.0850 0.0177 0.4629 0.0049 0.0388 1.0000 0.1482 0.4284 0.0223 0.0005 0.0001 0.0014 
0.3  20  6.50 0.8237 1.1900 0.0478 0.0220 0.4621 0.0013 0.0395 1.0000 0.0447 0.1292 0.0223 0.0003 0.0002 0.0012 
0.3  10  8.50 0.3287 0.4744 0.2192 0.0037 0.4626 0.0535 0.0351 1.0000 0.9962 2.8800 0.0205 0.0006 0.0000 0.0004 
0.3  10  8.25 0.3357 0.4844 0.2144 0.0038 0.4625 0.0517 0.0351 1.0000 0.9732 2.8130 0.0205 0.0006 0.0000 0.0004 
0.3  10  8.00 0.3523 0.5085 0.2030 0.0040 0.4623 0.0475 0.0351 1.0000 0.9169 2.6500 0.0204 0.0006 0.0000 0.0005 
0.3  10  7.75 0.3883 0.5604 0.1809 0.0044 0.4619 0.0399 0.0352 1.0000 0.8026 2.3200 0.0204 0.0006 0.0000 0.0005 
0.3  10  7.50 0.4517 0.6518 0.1465 0.0053 0.4613 0.0286 0.0355 1.0000 0.6137 1.7740 0.0204 0.0006 0.0000 0.0006 
0.3  10  7.25 0.5242 0.7563 0.1045 0.0069 0.4605 0.0161 0.0361 1.0000 0.3757 1.0860 0.0204 0.0005 0.0000 0.0007 
0.3  10  7.00 0.5449 0.7857 0.0649 0.0089 0.4597 0.0065 0.0368 1.0000 0.1679 0.4852 0.0205 0.0003 0.0000 0.0008 
0.3  10  6.75 0.4773 0.6877 0.0353 0.0112 0.4589 0.0018 0.0378 1.0000 0.0530 0.1533 0.0207 0.0002 0.0001 0.0007 
0.3  10  6.50 0.3690 0.5312 0.0175 0.0135 0.4586 0.0004 0.0386 1.0000 0.0131 0.0378 0.0208 0.0001 0.0001 0.0006 
0.2  inf 8.50 0.6113 0.8847 0.3519 0.0077 0.4703 0.0708 0.0380 1.0000 1.4680 4.2430 0.0237 0.0010 0.0001 0.0007 
0.2  inf 8.25 0.6182 0.8946 0.3496 0.0078 0.4703 0.0698 0.0380 1.0000 1.4560 4.2080 0.0237 0.0010 0.0001 0.0007 
0.2  inf 8.00 0.6353 0.9195 0.3432 0.0080 0.4702 0.0673 0.0380 1.0000 1.4220 4.1110 0.0237 0.0010 0.0001 0.0007 
0.2  inf 7.75 0.6760 0.9784 0.3293 0.0084 0.4701 0.0622 0.0380 1.0000 1.3460 3.8900 0.0236 0.0010 0.0001 0.0007 
0.2  inf 7.50 0.7636 1.1050 0.3035 0.0095 0.4699 0.0532 0.0381 1.0000 1.1950 3.4550 0.0236 0.0010 0.0001 0.0008 
0.2  inf 7.25 0.9221 1.3350 0.2629 0.0117 0.4695 0.0398 0.0383 1.0000 0.9432 2.7260 0.0236 0.0010 0.0001 0.0010 
0.2  inf 7.00 1.1270 1.6320 0.2096 0.0154 0.4690 0.0240 0.0387 1.0000 0.6099 1.7630 0.0237 0.0009 0.0002 0.0013 
0.2  inf 6.75 1.2650 1.8310 0.1516 0.0209 0.4682 0.0107 0.0393 1.0000 0.2981 0.8617 0.0238 0.0007 0.0002 0.0014 
0.2  inf 6.50 1.2380 1.7910 0.0989 0.0278 0.4674 0.0035 0.0400 1.0000 0.1088 0.3144 0.0239 0.0006 0.0004 0.0015 
0.2  50  8.50 0.5035 0.7285 0.3093 0.0062 0.4690 0.0660 0.0372 1.0000 1.3100 3.7900 0.0229 0.0009 0.0001 0.0006 
0.2  50  8.25 0.5095 0.7371 0.3066 0.0063 0.4690 0.0649 0.0372 1.0000 1.3000 3.7600 0.0229 0.0009 0.0001 0.0006 
0.2  50  8.00 0.5244 0.7587 0.2996 0.0064 0.4690 0.0622 0.0372 1.0000 1.2600 3.6500 0.0229 0.0009 0.0001 0.0006 
0.2  50  7.75 0.5598 0.8100 0.2845 0.0069 0.4690 0.0566 0.0372 1.0000 1.1800 3.4200 0.0229 0.0009 0.0001 0.0006 
0.2  50  7.50 0.6356 0.9197 0.2572 0.0078 0.4680 0.0470 0.0374 1.0000 1.0300 2.9800 0.0229 0.0009 0.0001 0.0007 
0.2  50  7.25 0.7677 1.1110 0.2160 0.0097 0.4676 0.0335 0.0377 1.0000 0.7846 2.2680 0.0229 0.0008 0.0001 0.0008 
0.2  50  7.00 0.9228 1.3350 0.1651 0.0128 0.4668 0.0188 0.0381 1.0000 0.4796 1.3860 0.0229 0.0007 0.0001 0.0010 
0.2  50  6.75 0.9974 1.4430 0.1135 0.0171 0.4660 0.0077 0.0388 1.0000 0.2178 0.6294 0.0231 0.0006 0.0002 0.0011 
0.2  50  6.50 0.9311 1.3470 0.0700 0.0222 0.4651 0.0023 0.0396 1.0000 0.0736 0.2128 0.0232 0.0004 0.0002 0.0011 
0.2  20  8.50 0.3725 0.5386 0.2518 0.0045 0.4660 0.0585 0.0360 1.0000 1.0900 3.1600 0.0218 0.0007 0.0000 0.0004 
0.2  20  8.25 0.3773 0.5455 0.2488 0.0045 0.4660 0.0572 0.0360 1.0000 1.0800 3.1200 0.0218 0.0007 0.0000 0.0004 
0.2  20  8.00 0.3894 0.5630 0.2409 0.0046 0.4660 0.0541 0.0360 1.0000 1.0400 3.0100 0.0218 0.0007 0.0000 0.0004 
0.2  20  7.75 0.4181 0.6046 0.2244 0.0050 0.4660 0.0480 0.0361 1.0000 0.9580 2.7700 0.0218 0.0007 0.0000 0.0005 
0.2  20  7.50 0.4782 0.6914 0.1959 0.0058 0.4650 0.0379 0.0363 1.0000 0.8040 2.3200 0.0218 0.0007 0.0001 0.0005 
0.2  20  7.25 0.5749 0.8313 0.1558 0.0072 0.4650 0.0250 0.0367 1.0000 0.5730 1.6600 0.0218 0.0006 0.0001 0.0006 
0.2  20  7.00 0.6666 0.9638 0.1107 0.0095 0.4640 0.0125 0.0373 1.0000 0.3180 0.9180 0.0218 0.0005 0.0001 0.0007 
0.2  20  6.75 0.6733 0.9732 0.0698 0.0123 0.4630 0.0044 0.0382 1.0000 0.1270 0.3680 0.0220 0.0004 0.0001 0.0008 
0.2  20  6.50 0.5814 0.8402 0.0393 0.0154 0.4620 0.0011 0.0391 1.0000 0.0381 0.1100 0.0222 0.0002 0.0002 0.0007 
0.2  10  8.50 0.2257 0.3258 0.1768 0.0027 0.4630 0.0469 0.0341 1.0000 0.7910 2.2900 0.0201 0.0005 0.0000 0.0002 
0.2  10  8.25 0.2291 0.3307 0.1732 0.0028 0.4620 0.0453 0.0341 1.0000 0.7740 2.2400 0.0201 0.0005 0.0000 0.0002 
0.2  10  8.00 0.2378 0.3432 0.1644 0.0029 0.4620 0.0417 0.0341 1.0000 0.7320 2.1200 0.0200 0.0005 0.0000 0.0003 
0.2  10  7.75 0.2581 0.3726 0.1466 0.0031 0.4618 0.0350 0.0343 1.0000 0.6450 1.8640 0.0200 0.0005 0.0000 0.0003 
0.2  10  7.50 0.2977 0.4298 0.1185 0.0038 0.4610 0.0250 0.0346 1.0000 0.4980 1.4400 0.0200 0.0004 0.0000 0.0003 
0.2  10  7.25 0.3490 0.5037 0.0841 0.0048 0.4600 0.0140 0.0352 1.0000 0.3080 0.8910 0.0201 0.0003 0.0000 0.0004 
0.2  10  7.00 0.3704 0.5343 0.0519 0.0062 0.4600 0.0056 0.0362 1.0000 0.1390 0.4030 0.0202 0.0002 0.0000 0.0004 
0.2  10  6.75 0.3289 0.4740 0.0282 0.0078 0.4590 0.0015 0.0373 1.0000 0.0440 0.1270 0.0205 0.0002 0.0001 0.0004 
0.2  10  6.50 0.2544 0.3663 0.0141 0.0093 0.4580 0.0003 0.0385 1.0000 0.0107 0.0311 0.0207 0.0001 0.0001 0.0003 
0.1  inf 8.50 0.3394 0.4913 0.2298 0.0046 0.4700 0.0557 0.0366 1.0000 0.9360 2.7100 0.0232 0.0006 0.0001 0.0003 
0.1  inf 8.25 0.3417 0.4945 0.2283 0.0047 0.4700 0.0549 0.0366 1.0000 0.9290 2.6900 0.0232 0.0006 0.0001 0.0003 
0.1  inf 8.00 0.3476 0.5031 0.2240 0.0047 0.4700 0.0528 0.0367 1.0000 0.9090 2.6300 0.0232 0.0006 0.0001 0.0003 
0.1  inf 7.75 0.3631 0.5256 0.2146 0.0049 0.4700 0.0485 0.0367 1.0000 0.8630 2.4900 0.0232 0.0007 0.0001 0.0003 
0.1  inf 7.50 0.4002 0.5793 0.1971 0.0054 0.4700 0.0412 0.0368 1.0000 0.7720 2.2300 0.0232 0.0007 0.0001 0.0003 
0.1  inf 7.25 0.4755 0.6883 0.1696 0.0065 0.4690 0.0304 0.0371 1.0000 0.6170 1.7800 0.0232 0.0006 0.0001 0.0004 
0.1  inf 7.00 0.5855 0.8474 0.1343 0.0084 0.4690 0.0182 0.0377 1.0000 0.4060 1.1700 0.0233 0.0005 0.0001 0.0005 
0.1  inf 6.75 0.6715 0.9719 0.0969 0.0112 0.4680 0.0081 0.0384 1.0000 0.2020 0.5840 0.0234 0.0004 0.0002 0.0006 
0.1  inf 6.50 0.6666 0.9648 0.0636 0.0148 0.4680 0.0026 0.0394 1.0000 0.0739 0.2140 0.0237 0.0003 0.0003 0.0006 
0.1  50  8.50 0.2725 0.3944 0.1975 0.0037 0.4690 0.0494 0.0359 1.0000 0.8210 2.3700 0.0225 0.0005 0.0000 0.0002 
0.1  50  8.25 0.2744 0.3971 0.1958 0.0037 0.4690 0.0485 0.0359 1.0000 0.8130 2.3500 0.0225 0.0005 0.0000 0.0002 
0.1  50  8.00 0.2796 0.4047 0.1913 0.0037 0.4690 0.0464 0.0359 1.0000 0.7920 2.2900 0.0225 0.0005 0.0000 0.0002 
0.1  50  7.75 0.2932 0.4244 0.1815 0.0039 0.4680 0.0420 0.0360 1.0000 0.7450 2.1500 0.0224 0.0006 0.0000 0.0002 
0.1  50  7.50 0.3257 0.4714 0.1637 0.0043 0.4680 0.0347 0.0362 1.0000 0.6540 1.8900 0.0224 0.0005 0.0000 0.0003 
0.1  50  7.25 0.3893 0.5633 0.1368 0.0053 0.4680 0.0245 0.0365 1.0000 0.5040 1.4600 0.0224 0.0005 0.0001 0.0003 
0.1  50  7.00 0.4740 0.6859 0.1040 0.0068 0.4670 0.0137 0.0371 1.0000 0.3140 0.9080 0.0225 0.0004 0.0001 0.0004 
0.1  50  6.75 0.5247 0.7591 0.0715 0.0091 0.4660 0.0056 0.0380 1.0000 0.1450 0.4190 0.0227 0.0003 0.0001 0.0004 
0.1  50  6.50 0.4966 0.7184 0.0445 0.0118 0.4650 0.0016 0.0391 1.0000 0.0491 0.1420 0.0230 0.0002 0.0002 0.0004 
0.1  20  8.50 0.1953 0.2824 0.1566 0.0026 0.4660 0.0413 0.0348 1.0000 0.6680 1.9300 0.0214 0.0004 0.0000 0.0002 
0.1  20  8.25 0.1968 0.2846 0.1548 0.0026 0.4660 0.0403 0.0348 1.0000 0.6600 1.9100 0.0214 0.0004 0.0000 0.0002 
0.1  20  8.00 0.2010 0.2907 0.1500 0.0026 0.4660 0.0381 0.0348 1.0000 0.6380 1.8500 0.0213 0.0004 0.0000 0.0002 
0.1  20  7.75 0.2122 0.3069 0.1398 0.0028 0.4660 0.0336 0.0349 1.0000 0.5900 1.7100 0.0213 0.0004 0.0000 0.0002 
0.1  20  7.50 0.2385 0.3449 0.1218 0.0031 0.4650 0.0265 0.0352 1.0000 0.4990 1.4400 0.0213 0.0004 0.0000 0.0002 
0.1  20  7.25 0.2861 0.4138 0.0965 0.0039 0.4640 0.0173 0.0356 1.0000 0.3610 1.0400 0.0213 0.0004 0.0000 0.0002 
0.1  20  7.00 0.3385 0.4895 0.0684 0.0050 0.4630 0.0086 0.0364 1.0000 0.2040 0.5890 0.0215 0.0003 0.0000 0.0003 
0.1  20  6.75 0.3505 0.5067 0.0433 0.0065 0.4630 0.0031 0.0375 1.0000 0.0830 0.2400 0.0217 0.0002 0.0001 0.0003 
0.1  20  6.50 0.3064 0.4428 0.0246 0.0081 0.4620 0.0008 0.0388 1.0000 0.0248 0.0718 0.0220 0.0001 0.0001 0.0003 
0.1  10  8.50 0.1136 0.1640 0.1066 0.0015 0.4620 0.0309 0.0330 1.0000 0.4700 1.3600 0.0196 0.0003 0.0000 0.0001 
0.1  10  8.25 0.1147 0.1656 0.1046 0.0015 0.4620 0.0299 0.0331 1.0000 0.4610 1.3300 0.0196 0.0003 0.0000 0.0001 
0.1  10  8.00 0.1178 0.1700 0.0994 0.0016 0.4620 0.0275 0.0331 1.0000 0.4380 1.2700 0.0196 0.0003 0.0000 0.0001 
0.1  10  7.75 0.1259 0.1818 0.0888 0.0017 0.4615 0.0229 0.0332 1.0000 0.3878 1.1210 0.0196 0.0003 0.0000 0.0001 
0.1  10  7.50 0.1438 0.2077 0.0716 0.0020 0.4610 0.0163 0.0336 1.0000 0.3020 0.8730 0.0196 0.0002 0.0000 0.0001 
0.1  10  7.25 0.1705 0.2461 0.0507 0.0025 0.4600 0.0091 0.0344 1.0000 0.1900 0.5490 0.0197 0.0002 0.0000 0.0001 
0.1  10  7.00 0.1861 0.2686 0.0313 0.0032 0.4590 0.0037 0.0355 1.0000 0.0875 0.2530 0.0199 0.0001 0.0000 0.0002 
0.1  10  6.75 0.1690 0.2436 0.0172 0.0040 0.4590 0.0010 0.0369 1.0000 0.0280 0.0808 0.0203 0.0001 0.0000 0.0001 
0.1  10  6.50 0.1316 0.1895 0.0087 0.0048 0.4580 0.0002 0.0385 1.0000 0.0068 0.0196 0.0207 0.0001 0.0000 0.0001 
0.05 inf 8.50 0.1801 0.2606 0.1275 0.0025 0.4698 0.0335 0.0361 1.0000 0.5135 1.4840 0.0230 0.0004 0.0000 0.0001 
0.05 inf 8.25 0.1809 0.2618 0.1266 0.0025 0.4698 0.0330 0.0361 1.0000 0.5098 1.4740 0.0230 0.0004 0.0000 0.0001 
0.05 inf 8.00 0.1832 0.2652 0.1243 0.0025 0.4700 0.0317 0.0361 1.0000 0.4990 1.4400 0.0230 0.0004 0.0000 0.0001 
0.05 inf 7.75 0.1898 0.2748 0.1191 0.0026 0.4700 0.0291 0.0361 1.0000 0.4750 1.3700 0.0230 0.0004 0.0000 0.0001 
0.05 inf 7.50 0.2068 0.2993 0.1093 0.0028 0.4700 0.0246 0.0363 1.0000 0.4260 1.2300 0.0230 0.0004 0.0000 0.0001 
0.05 inf 7.25 0.2433 0.3522 0.0938 0.0034 0.4690 0.0181 0.0366 1.0000 0.3420 0.9890 0.0230 0.0003 0.0000 0.0002 
0.05 inf 7.00 0.2995 0.4336 0.0739 0.0043 0.4690 0.0107 0.0372 1.0000 0.2270 0.6550 0.0231 0.0003 0.0001 0.0002 
0.05 inf 6.75 0.3459 0.5007 0.0531 0.0058 0.4680 0.0047 0.0380 1.0000 0.1130 0.3280 0.0232 0.0002 0.0001 0.0002 
0.05 inf 6.50 0.3450 0.4993 0.0348 0.0077 0.4680 0.0015 0.0390 1.0000 0.0414 0.1200 0.0235 0.0002 0.0001 0.0003 
0.05 50  8.50 0.1434 0.2074 0.1088 0.0020 0.4682 0.0292 0.0354 1.0000 0.4476 1.2940 0.0223 0.0003 0.0000 0.0001 
0.05 50  8.25 0.1440 0.2085 0.1079 0.0020 0.4682 0.0287 0.0354 1.0000 0.4438 1.2830 0.0223 0.0003 0.0000 0.0001 
0.05 50  8.00 0.1461 0.2114 0.1055 0.0020 0.4681 0.0274 0.0354 1.0000 0.4330 1.2520 0.0222 0.0003 0.0000 0.0001 
0.05 50  7.75 0.1520 0.2199 0.1001 0.0021 0.4680 0.0248 0.0354 1.0000 0.4081 1.1800 0.0222 0.0003 0.0000 0.0001 
0.05 50  7.50 0.1670 0.2416 0.0902 0.0023 0.4678 0.0204 0.0356 1.0000 0.3590 1.0380 0.0222 0.0003 0.0000 0.0001 
0.05 50  7.25 0.1980 0.2865 0.0751 0.0027 0.4674 0.0144 0.0360 1.0000 0.2781 0.8040 0.0222 0.0003 0.0000 0.0001 
0.05 50  7.00 0.2416 0.3496 0.0569 0.0035 0.4667 0.0080 0.0367 1.0000 0.1743 0.5038 0.0223 0.0002 0.0000 0.0002 
0.05 50  6.75 0.2694 0.3898 0.0390 0.0047 0.4658 0.0032 0.0376 1.0000 0.0808 0.2336 0.0225 0.0002 0.0000 0.0002 
0.05 50  6.50 0.2560 0.3704 0.0242 0.0060 0.4650 0.0009 0.0388 1.0000 0.0273 0.0789 0.0229 0.0001 0.0001 0.0002 
0.05 20  8.50 0.1016 0.1469 0.0856 0.0014 0.4656 0.0239 0.0343 1.0000 0.3620 1.0460 0.0211 0.0002 0.0000 0.0001 
0.05 20  8.25 0.1022 0.1477 0.0847 0.0014 0.4656 0.0234 0.0343 1.0000 0.3579 1.0340 0.0211 0.0002 0.0000 0.0001 
0.05 20  8.00 0.1039 0.1502 0.0821 0.0014 0.4655 0.0221 0.0343 1.0000 0.3466 1.0020 0.0211 0.0002 0.0000 0.0001 
0.05 20  7.75 0.1087 0.1573 0.0765 0.0014 0.4653 0.0195 0.0344 1.0000 0.3210 0.9279 0.0211 0.0002 0.0000 0.0001 
0.05 20  7.50 0.1210 0.1750 0.0666 0.0016 0.4649 0.0153 0.0347 1.0000 0.2724 0.7874 0.0211 0.0002 0.0000 0.0001 
0.05 20  7.25 0.1445 0.2090 0.0526 0.0020 0.4642 0.0099 0.0352 1.0000 0.1979 0.5721 0.0211 0.0002 0.0000 0.0001 
0.05 20  7.00 0.1718 0.2485 0.0371 0.0026 0.4633 0.0049 0.0360 1.0000 0.1123 0.3247 0.0213 0.0001 0.0000 0.0001 
0.05 20  6.75 0.1792 0.2591 0.0234 0.0033 0.4624 0.0017 0.0372 1.0000 0.0459 0.1325 0.0215 0.0001 0.0000 0.0001 
0.05 20  6.50 0.1571 0.2271 0.0133 0.0041 0.4616 0.0004 0.0385 1.0000 0.0137 0.0395 0.0219 0.0001 0.0000 0.0001 
0.05 10  8.50 0.0582 0.0841 0.0576 0.0008 0.4617 0.0175 0.0326 1.0000 0.2523 0.7292 0.0194 0.0001 0.0000 0.0000 
0.05 10  8.25 0.0586 0.0847 0.0566 0.0008 0.4617 0.0169 0.0326 1.0000 0.2478 0.7163 0.0194 0.0001 0.0000 0.0000 
0.05 10  8.00 0.0599 0.0865 0.0539 0.0008 0.4616 0.0155 0.0326 1.0000 0.2358 0.6817 0.0194 0.0001 0.0000 0.0000 
0.05 10  7.75 0.0635 0.0917 0.0481 0.0009 0.4612 0.0129 0.0328 1.0000 0.2095 0.6057 0.0194 0.0001 0.0000 0.0000 
0.05 10  7.50 0.0720 0.1040 0.0388 0.0010 0.4606 0.0092 0.0332 1.0000 0.1636 0.4730 0.0194 0.0001 0.0000 0.0000 
0.05 10  7.25 0.0854 0.1233 0.0273 0.0013 0.4599 0.0051 0.0340 1.0000 0.1032 0.2984 0.0195 0.0001 0.0000 0.0001 
0.05 10  7.00 0.0940 0.1357 0.0168 0.0016 0.4592 0.0020 0.0352 1.0000 0.0477 0.1379 0.0197 0.0001 0.0000 0.0001 
0.05 10  6.75 0.0859 0.1238 0.0092 0.0021 0.4586 0.0006 0.0367 1.0000 0.0153 0.0441 0.0202 0.0000 0.0000 0.0001 
0.05 10  6.50 0.0669 0.0964 0.0047 0.0025 0.4582 0.0001 0.0383 1.0000 0.0037 0.0107 0.0207 0.0000 0.0000 0.0000 